2022-04-13 12:51:00,098 gpu device = 0
2022-04-13 12:51:00,148 args = {'flags': {'readonly': None, 'struct': False}, '_resolver_cache': defaultdict(<class 'dict'>, {}), 'content': {'run': {'s3_bucket': None, 'seed': 1022, 'data': '/home/chatzimichailid/darts/AutoML_rebuttal/gaea_release/cnn/datka', 'dataset': 'cifar100', 'epochs': 50, 'scheduler_epochs': 50, 'n_threads_data': 0, 'autodl': '/home/chatzimichailid/darts/AutoML_rebuttal/gaea_release/cnn/code/AutoDL', 'report_freq': 50, 'test_code': False, 'gpu': 0}, 'search': {'single_level': False, 'exclude_zero': False, 'track_running_stats': True, 'method': 'eedarts', 'search_space': 'pcdarts', 'nodes': 4, 'arch_grad_clip': None, 'train_portion': 0.5, 'arch_learning_rate': 0.1, 'edge_learning_rate': 0.1, 'discrete': False, 'adapt_lr': False, 'arch_weight_decay': 0.0, 'gd': False, 'learn_edges': True, 'trace_norm': 8}, 'train': {'scheduler': 'cosine', 'lr_anneal_cycles': 1, 'smooth_cross_entropy': False, 'batch_size': 128, 'learning_rate': 0.1, 'learning_rate_min': 0.0, 'momentum': 0.9, 'weight_decay': 0.0003, 'init_channels': 16, 'layers': 8, 'cutout': False, 'auxiliary': False, 'auxiliary_weight': 0.4, 'drop_path_prob': 0, 'grad_clip': 5}}, 'parent': None}
2022-04-13 12:51:05,922 param size = 0.322708MB
2022-04-13 12:51:05,938 [Errno 2] No such file or directory: '/home/chatzimichailid/darts/AutoML_rebuttal/gaea_release/cnn/data/search-pcdarts-eedarts-cifar100-1022/model.ckpt'
2022-04-13 12:51:05,939 epoch 0 lr 1.000000e-01
2022-04-13 12:51:08,079 train 000 4.606755e+00 1.562500 6.250000
2022-04-13 12:52:35,993 train 050 4.278635e+00 4.733456 18.030025
2022-04-13 12:54:05,260 train 100 4.159011e+00 5.894183 22.161200
2022-04-13 12:55:35,294 train 150 4.067755e+00 7.196813 25.051738
2022-04-13 12:56:55,531 train_acc 8.024000
2022-04-13 12:56:55,532 alphas-normal
2022-04-13 12:56:55,533 tensor([[0.1186, 0.1378, 0.1164, 0.1179, 0.1238, 0.1309, 0.1281, 0.1266],
        [0.1183, 0.1422, 0.1226, 0.1212, 0.1220, 0.1218, 0.1252, 0.1269],
        [0.1231, 0.1336, 0.1230, 0.1232, 0.1209, 0.1268, 0.1251, 0.1244],
        [0.1239, 0.1330, 0.1239, 0.1242, 0.1250, 0.1260, 0.1209, 0.1232],
        [0.1215, 0.1326, 0.1247, 0.1226, 0.1231, 0.1255, 0.1235, 0.1266],
        [0.1236, 0.1292, 0.1231, 0.1234, 0.1231, 0.1267, 0.1238, 0.1271],
        [0.1236, 0.1305, 0.1256, 0.1251, 0.1229, 0.1258, 0.1218, 0.1247],
        [0.1240, 0.1288, 0.1241, 0.1239, 0.1247, 0.1238, 0.1262, 0.1245],
        [0.1238, 0.1289, 0.1248, 0.1242, 0.1242, 0.1235, 0.1253, 0.1252],
        [0.1243, 0.1280, 0.1240, 0.1238, 0.1234, 0.1266, 0.1245, 0.1253],
        [0.1238, 0.1289, 0.1250, 0.1252, 0.1250, 0.1237, 0.1242, 0.1243],
        [0.1240, 0.1283, 0.1245, 0.1239, 0.1242, 0.1250, 0.1252, 0.1248],
        [0.1239, 0.1283, 0.1250, 0.1242, 0.1261, 0.1246, 0.1248, 0.1232],
        [0.1239, 0.1282, 0.1249, 0.1242, 0.1233, 0.1267, 0.1241, 0.1248]],
       device='cuda:0', requires_grad=True)
2022-04-13 12:56:55,548 alphas-reduce
2022-04-13 12:56:55,549 tensor([[0.1245, 0.1270, 0.1232, 0.1243, 0.1237, 0.1275, 0.1256, 0.1242],
        [0.1234, 0.1301, 0.1251, 0.1230, 0.1274, 0.1238, 0.1215, 0.1257],
        [0.1247, 0.1245, 0.1240, 0.1245, 0.1250, 0.1257, 0.1263, 0.1254],
        [0.1246, 0.1253, 0.1238, 0.1251, 0.1251, 0.1254, 0.1253, 0.1255],
        [0.1236, 0.1284, 0.1249, 0.1245, 0.1239, 0.1244, 0.1252, 0.1251],
        [0.1249, 0.1250, 0.1245, 0.1244, 0.1253, 0.1252, 0.1255, 0.1253],
        [0.1248, 0.1260, 0.1249, 0.1242, 0.1258, 0.1247, 0.1246, 0.1251],
        [0.1242, 0.1277, 0.1249, 0.1251, 0.1236, 0.1249, 0.1244, 0.1252],
        [0.1244, 0.1279, 0.1254, 0.1250, 0.1239, 0.1236, 0.1248, 0.1250],
        [0.1248, 0.1254, 0.1253, 0.1247, 0.1242, 0.1257, 0.1248, 0.1251],
        [0.1250, 0.1247, 0.1244, 0.1253, 0.1250, 0.1251, 0.1256, 0.1248],
        [0.1244, 0.1266, 0.1252, 0.1251, 0.1243, 0.1245, 0.1249, 0.1250],
        [0.1244, 0.1263, 0.1250, 0.1249, 0.1253, 0.1250, 0.1251, 0.1241],
        [0.1246, 0.1261, 0.1248, 0.1250, 0.1245, 0.1247, 0.1243, 0.1259]],
       device='cuda:0', requires_grad=True)
2022-04-13 12:56:55,560 edges-normal
2022-04-13 12:56:55,560 tensor([0.5400, 0.4600, 0.3605, 0.2950, 0.3445, 0.2855, 0.2274, 0.2438, 0.2432,
        0.2036, 0.1807, 0.2090, 0.2037, 0.2029], device='cuda:0',
       requires_grad=True)
2022-04-13 12:56:55,564 edges-reduce
2022-04-13 12:56:55,565 tensor([0.5340, 0.4660, 0.3373, 0.3280, 0.3347, 0.2463, 0.2419, 0.2541, 0.2577,
        0.2044, 0.1967, 0.1965, 0.2014, 0.2010], device='cuda:0',
       requires_grad=True)
2022-04-13 12:56:55,569 genotype = Genotype(normal=[('max_pool_3x3', 0), ('max_pool_3x3', 1), ('max_pool_3x3', 0), ('max_pool_3x3', 2), ('max_pool_3x3', 0), ('max_pool_3x3', 2), ('max_pool_3x3', 2), ('max_pool_3x3', 3)], normal_concat=range(2, 6), reduce=[('sep_conv_5x5', 0), ('max_pool_3x3', 1), ('max_pool_3x3', 2), ('dil_conv_3x3', 0), ('max_pool_3x3', 3), ('max_pool_3x3', 2), ('sep_conv_5x5', 0), ('max_pool_3x3', 3)], reduce_concat=range(2, 6))
2022-04-13 12:56:55,797 valid 000 3.848502e+00 7.812500 28.906250
2022-04-13 12:57:06,516 valid 050 3.939078e+00 10.033701 29.687500
2022-04-13 12:57:17,115 valid 100 3.948017e+00 10.225866 29.811262
2022-04-13 12:57:28,047 valid 150 3.934731e+00 10.445985 30.111755
2022-04-13 12:57:37,671 valid_acc 10.400000
2022-04-13 12:57:38,148 epoch 1 lr 9.990134e-02
2022-04-13 12:57:39,852 train 000 3.714494e+00 12.500000 31.250000
2022-04-13 12:59:06,898 train 050 3.718892e+00 12.300858 35.294118
2022-04-13 13:00:34,451 train 100 3.691749e+00 12.569616 36.285582
2022-04-13 13:02:01,943 train 150 3.680263e+00 12.815604 36.656664
2022-04-13 13:03:20,092 train_acc 13.284000
2022-04-13 13:03:20,093 alphas-normal
2022-04-13 13:03:20,094 tensor([[0.0990, 0.1640, 0.0983, 0.0963, 0.1153, 0.1698, 0.1195, 0.1378],
        [0.0997, 0.1804, 0.1145, 0.1058, 0.1155, 0.1247, 0.1206, 0.1387],
        [0.1189, 0.1518, 0.1174, 0.1178, 0.1152, 0.1236, 0.1259, 0.1295],
        [0.1166, 0.1508, 0.1242, 0.1211, 0.1202, 0.1319, 0.1152, 0.1200],
        [0.1133, 0.1523, 0.1263, 0.1165, 0.1221, 0.1260, 0.1175, 0.1261],
        [0.1210, 0.1421, 0.1199, 0.1200, 0.1219, 0.1251, 0.1220, 0.1280],
        [0.1201, 0.1411, 0.1247, 0.1226, 0.1201, 0.1300, 0.1206, 0.1207],
        [0.1196, 0.1413, 0.1245, 0.1208, 0.1209, 0.1221, 0.1271, 0.1237],
        [0.1190, 0.1409, 0.1264, 0.1209, 0.1214, 0.1228, 0.1251, 0.1234],
        [0.1222, 0.1324, 0.1215, 0.1205, 0.1224, 0.1301, 0.1233, 0.1276],
        [0.1212, 0.1356, 0.1264, 0.1252, 0.1236, 0.1220, 0.1216, 0.1243],
        [0.1208, 0.1376, 0.1270, 0.1214, 0.1194, 0.1224, 0.1241, 0.1273],
        [0.1193, 0.1373, 0.1275, 0.1209, 0.1252, 0.1247, 0.1249, 0.1201],
        [0.1201, 0.1372, 0.1278, 0.1216, 0.1200, 0.1268, 0.1213, 0.1253]],
       device='cuda:0', requires_grad=True)
2022-04-13 13:03:20,108 alphas-reduce
2022-04-13 13:03:20,109 tensor([[0.1205, 0.1318, 0.1227, 0.1248, 0.1238, 0.1311, 0.1224, 0.1230],
        [0.1207, 0.1350, 0.1233, 0.1200, 0.1303, 0.1261, 0.1185, 0.1260],
        [0.1228, 0.1251, 0.1217, 0.1246, 0.1247, 0.1286, 0.1266, 0.1260],
        [0.1236, 0.1255, 0.1210, 0.1254, 0.1251, 0.1274, 0.1251, 0.1268],
        [0.1211, 0.1347, 0.1233, 0.1228, 0.1247, 0.1244, 0.1244, 0.1246],
        [0.1244, 0.1264, 0.1239, 0.1235, 0.1256, 0.1257, 0.1255, 0.1249],
        [0.1244, 0.1267, 0.1234, 0.1239, 0.1254, 0.1252, 0.1265, 0.1245],
        [0.1231, 0.1327, 0.1229, 0.1241, 0.1228, 0.1264, 0.1236, 0.1244],
        [0.1228, 0.1338, 0.1244, 0.1241, 0.1223, 0.1239, 0.1229, 0.1257],
        [0.1245, 0.1255, 0.1244, 0.1250, 0.1241, 0.1258, 0.1251, 0.1257],
        [0.1251, 0.1243, 0.1231, 0.1255, 0.1250, 0.1256, 0.1268, 0.1246],
        [0.1235, 0.1293, 0.1246, 0.1246, 0.1246, 0.1237, 0.1250, 0.1247],
        [0.1234, 0.1295, 0.1250, 0.1244, 0.1248, 0.1253, 0.1249, 0.1227],
        [0.1233, 0.1291, 0.1247, 0.1243, 0.1230, 0.1250, 0.1233, 0.1272]],
       device='cuda:0', requires_grad=True)
2022-04-13 13:03:20,122 edges-normal
2022-04-13 13:03:20,123 tensor([0.5262, 0.4738, 0.3342, 0.3151, 0.3506, 0.2695, 0.2248, 0.2575, 0.2482,
        0.1933, 0.1810, 0.2128, 0.2102, 0.2027], device='cuda:0',
       requires_grad=True)
2022-04-13 13:03:20,128 edges-reduce
2022-04-13 13:03:20,129 tensor([0.5570, 0.4430, 0.3420, 0.3093, 0.3487, 0.2476, 0.2166, 0.2655, 0.2704,
        0.2008, 0.1756, 0.2057, 0.2102, 0.2076], device='cuda:0',
       requires_grad=True)
2022-04-13 13:03:20,135 genotype = Genotype(normal=[('sep_conv_5x5', 0), ('max_pool_3x3', 1), ('max_pool_3x3', 2), ('max_pool_3x3', 0), ('max_pool_3x3', 0), ('max_pool_3x3', 2), ('max_pool_3x3', 2), ('max_pool_3x3', 3)], normal_concat=range(2, 6), reduce=[('max_pool_3x3', 0), ('max_pool_3x3', 1), ('max_pool_3x3', 2), ('sep_conv_5x5', 0), ('max_pool_3x3', 3), ('max_pool_3x3', 2), ('max_pool_3x3', 3), ('max_pool_3x3', 4)], reduce_concat=range(2, 6))
2022-04-13 13:03:20,368 valid 000 3.645356e+00 11.718750 37.500000
2022-04-13 13:03:30,732 valid 050 3.580511e+00 14.476103 39.537377
2022-04-13 13:03:41,099 valid 100 3.567624e+00 14.511139 40.168626
2022-04-13 13:03:51,631 valid 150 3.570783e+00 14.388452 40.009313
2022-04-13 13:04:01,112 valid_acc 14.336000
2022-04-13 13:04:01,795 epoch 2 lr 9.960574e-02
2022-04-13 13:04:03,513 train 000 3.524182e+00 19.531250 42.968750
2022-04-13 13:05:30,958 train 050 3.452041e+00 16.191789 43.367034
2022-04-13 13:06:58,579 train 100 3.419521e+00 16.854889 44.469369
2022-04-13 13:08:26,094 train 150 3.392254e+00 16.871896 45.224545
2022-04-13 13:09:44,878 train_acc 17.432000
2022-04-13 13:09:44,880 alphas-normal
2022-04-13 13:09:44,881 tensor([[0.0741, 0.1803, 0.0773, 0.0723, 0.1016, 0.2326, 0.0966, 0.1652],
        [0.0757, 0.2291, 0.0985, 0.0886, 0.1146, 0.1204, 0.1098, 0.1633],
        [0.1128, 0.1641, 0.1079, 0.1092, 0.1133, 0.1280, 0.1278, 0.1370],
        [0.1086, 0.1737, 0.1219, 0.1174, 0.1200, 0.1330, 0.1072, 0.1182],
        [0.0999, 0.1724, 0.1236, 0.1036, 0.1203, 0.1301, 0.1101, 0.1400],
        [0.1195, 0.1511, 0.1155, 0.1154, 0.1194, 0.1257, 0.1229, 0.1306],
        [0.1155, 0.1514, 0.1219, 0.1191, 0.1174, 0.1353, 0.1209, 0.1185],
        [0.1130, 0.1552, 0.1241, 0.1146, 0.1194, 0.1191, 0.1261, 0.1285],
        [0.1127, 0.1577, 0.1302, 0.1165, 0.1201, 0.1164, 0.1210, 0.1255],
        [0.1210, 0.1364, 0.1176, 0.1165, 0.1232, 0.1349, 0.1231, 0.1274],
        [0.1189, 0.1446, 0.1264, 0.1238, 0.1201, 0.1222, 0.1196, 0.1244],
        [0.1155, 0.1507, 0.1305, 0.1169, 0.1164, 0.1229, 0.1209, 0.1261],
        [0.1130, 0.1514, 0.1325, 0.1165, 0.1250, 0.1250, 0.1202, 0.1164],
        [0.1150, 0.1508, 0.1336, 0.1184, 0.1123, 0.1276, 0.1199, 0.1225]],
       device='cuda:0', requires_grad=True)
2022-04-13 13:09:44,894 alphas-reduce
2022-04-13 13:09:44,895 tensor([[0.1145, 0.1354, 0.1140, 0.1236, 0.1296, 0.1437, 0.1148, 0.1245],
        [0.1187, 0.1379, 0.1210, 0.1203, 0.1344, 0.1258, 0.1144, 0.1276],
        [0.1217, 0.1269, 0.1171, 0.1247, 0.1271, 0.1300, 0.1256, 0.1268],
        [0.1230, 0.1235, 0.1168, 0.1288, 0.1259, 0.1262, 0.1251, 0.1306],
        [0.1174, 0.1404, 0.1200, 0.1190, 0.1249, 0.1283, 0.1249, 0.1250],
        [0.1242, 0.1262, 0.1216, 0.1243, 0.1277, 0.1268, 0.1260, 0.1231],
        [0.1241, 0.1267, 0.1215, 0.1220, 0.1262, 0.1262, 0.1292, 0.1240],
        [0.1209, 0.1399, 0.1211, 0.1225, 0.1196, 0.1272, 0.1223, 0.1266],
        [0.1205, 0.1399, 0.1234, 0.1225, 0.1232, 0.1213, 0.1209, 0.1283],
        [0.1244, 0.1266, 0.1234, 0.1242, 0.1235, 0.1273, 0.1256, 0.1250],
        [0.1249, 0.1248, 0.1219, 0.1258, 0.1239, 0.1266, 0.1278, 0.1243],
        [0.1221, 0.1338, 0.1250, 0.1245, 0.1252, 0.1222, 0.1237, 0.1235],
        [0.1219, 0.1339, 0.1262, 0.1240, 0.1228, 0.1252, 0.1243, 0.1217],
        [0.1214, 0.1323, 0.1250, 0.1230, 0.1228, 0.1250, 0.1202, 0.1304]],
       device='cuda:0', requires_grad=True)
2022-04-13 13:09:44,907 edges-normal
2022-04-13 13:09:44,908 tensor([0.4977, 0.5023, 0.2970, 0.3177, 0.3853, 0.2402, 0.2358, 0.2767, 0.2473,
        0.1651, 0.1670, 0.2305, 0.2274, 0.2100], device='cuda:0',
       requires_grad=True)
2022-04-13 13:09:44,912 edges-reduce
2022-04-13 13:09:44,914 tensor([0.5928, 0.4072, 0.3501, 0.2953, 0.3545, 0.2550, 0.1999, 0.2675, 0.2776,
        0.2020, 0.1681, 0.2050, 0.2117, 0.2132], device='cuda:0',
       requires_grad=True)
2022-04-13 13:09:44,918 genotype = Genotype(normal=[('sep_conv_5x5', 0), ('max_pool_3x3', 1), ('max_pool_3x3', 2), ('max_pool_3x3', 1), ('max_pool_3x3', 2), ('max_pool_3x3', 3), ('max_pool_3x3', 2), ('max_pool_3x3', 3)], normal_concat=range(2, 6), reduce=[('sep_conv_5x5', 0), ('max_pool_3x3', 1), ('max_pool_3x3', 2), ('sep_conv_5x5', 0), ('max_pool_3x3', 3), ('max_pool_3x3', 2), ('max_pool_3x3', 3), ('max_pool_3x3', 4)], reduce_concat=range(2, 6))
2022-04-13 13:09:45,134 valid 000 3.537496e+00 18.750000 43.750000
2022-04-13 13:09:55,472 valid 050 3.477719e+00 16.115196 43.918505
2022-04-13 13:10:05,840 valid 100 3.477998e+00 15.895730 43.425124
2022-04-13 13:10:15,481 valid 150 3.474019e+00 15.919909 43.641349
2022-04-13 13:10:24,946 valid_acc 15.916000
2022-04-13 13:10:25,874 epoch 3 lr 9.911436e-02
2022-04-13 13:10:27,620 train 000 3.312071e+00 25.000000 54.687500
2022-04-13 13:11:54,869 train 050 3.183537e+00 20.787377 51.608456
2022-04-13 13:13:22,388 train 100 3.143743e+00 21.302599 51.902847
2022-04-13 13:14:49,360 train 150 3.127671e+00 21.518005 52.281664
2022-04-13 13:16:08,258 train_acc 21.972000
2022-04-13 13:16:08,260 alphas-normal
2022-04-13 13:16:08,261 tensor([[0.0525, 0.1961, 0.0599, 0.0556, 0.1161, 0.2870, 0.0721, 0.1607],
        [0.0576, 0.3039, 0.0851, 0.0745, 0.1213, 0.1191, 0.0868, 0.1519],
        [0.1048, 0.1866, 0.1028, 0.1043, 0.1179, 0.1254, 0.1251, 0.1332],
        [0.1018, 0.2027, 0.1181, 0.1112, 0.1251, 0.1334, 0.0970, 0.1109],
        [0.0841, 0.1967, 0.1217, 0.0901, 0.1138, 0.1415, 0.0935, 0.1587],
        [0.1162, 0.1657, 0.1135, 0.1119, 0.1176, 0.1320, 0.1175, 0.1257],
        [0.1113, 0.1643, 0.1173, 0.1141, 0.1199, 0.1353, 0.1239, 0.1139],
        [0.1041, 0.1810, 0.1281, 0.1091, 0.1177, 0.1165, 0.1172, 0.1265],
        [0.1039, 0.1755, 0.1319, 0.1101, 0.1235, 0.1140, 0.1155, 0.1257],
        [0.1193, 0.1416, 0.1162, 0.1138, 0.1223, 0.1330, 0.1236, 0.1303],
        [0.1168, 0.1537, 0.1254, 0.1226, 0.1194, 0.1241, 0.1153, 0.1226],
        [0.1086, 0.1694, 0.1350, 0.1123, 0.1151, 0.1208, 0.1187, 0.1201],
        [0.1049, 0.1654, 0.1335, 0.1101, 0.1232, 0.1282, 0.1173, 0.1173],
        [0.1095, 0.1655, 0.1374, 0.1148, 0.1082, 0.1272, 0.1161, 0.1212]],
       device='cuda:0', requires_grad=True)
2022-04-13 13:16:08,278 alphas-reduce
2022-04-13 13:16:08,280 tensor([[0.1109, 0.1414, 0.1033, 0.1220, 0.1345, 0.1506, 0.1106, 0.1267],
        [0.1160, 0.1437, 0.1200, 0.1196, 0.1362, 0.1285, 0.1107, 0.1254],
        [0.1217, 0.1286, 0.1106, 0.1250, 0.1293, 0.1342, 0.1248, 0.1259],
        [0.1220, 0.1240, 0.1140, 0.1307, 0.1310, 0.1254, 0.1215, 0.1315],
        [0.1109, 0.1454, 0.1203, 0.1145, 0.1232, 0.1320, 0.1257, 0.1280],
        [0.1240, 0.1281, 0.1195, 0.1249, 0.1298, 0.1258, 0.1273, 0.1206],
        [0.1228, 0.1280, 0.1213, 0.1188, 0.1277, 0.1293, 0.1304, 0.1216],
        [0.1177, 0.1459, 0.1193, 0.1203, 0.1169, 0.1316, 0.1217, 0.1266],
        [0.1154, 0.1458, 0.1225, 0.1191, 0.1240, 0.1235, 0.1197, 0.1300],
        [0.1246, 0.1275, 0.1208, 0.1232, 0.1239, 0.1284, 0.1268, 0.1249],
        [0.1250, 0.1252, 0.1216, 0.1252, 0.1237, 0.1280, 0.1277, 0.1236],
        [0.1193, 0.1396, 0.1266, 0.1239, 0.1254, 0.1214, 0.1211, 0.1227],
        [0.1194, 0.1406, 0.1294, 0.1234, 0.1210, 0.1245, 0.1234, 0.1184],
        [0.1179, 0.1377, 0.1275, 0.1214, 0.1195, 0.1262, 0.1166, 0.1333]],
       device='cuda:0', requires_grad=True)
2022-04-13 13:16:08,295 edges-normal
2022-04-13 13:16:08,297 tensor([0.4908, 0.5092, 0.2886, 0.2986, 0.4128, 0.2267, 0.2268, 0.2897, 0.2568,
        0.1328, 0.1638, 0.2473, 0.2464, 0.2097], device='cuda:0',
       requires_grad=True)
2022-04-13 13:16:08,301 edges-reduce
2022-04-13 13:16:08,302 tensor([0.5666, 0.4334, 0.3262, 0.3017, 0.3721, 0.2483, 0.1939, 0.2645, 0.2933,
        0.1946, 0.1533, 0.2092, 0.2156, 0.2274], device='cuda:0',
       requires_grad=True)
2022-04-13 13:16:08,309 genotype = Genotype(normal=[('max_pool_3x3', 1), ('sep_conv_5x5', 0), ('max_pool_3x3', 2), ('max_pool_3x3', 1), ('max_pool_3x3', 2), ('max_pool_3x3', 3), ('max_pool_3x3', 2), ('max_pool_3x3', 3)], normal_concat=range(2, 6), reduce=[('sep_conv_5x5', 0), ('max_pool_3x3', 1), ('max_pool_3x3', 2), ('sep_conv_5x5', 0), ('max_pool_3x3', 3), ('max_pool_3x3', 2), ('max_pool_3x3', 4), ('max_pool_3x3', 3)], reduce_concat=range(2, 6))
2022-04-13 13:16:08,500 valid 000 2.883759e+00 25.781250 64.062500
2022-04-13 13:16:18,398 valid 050 3.259758e+00 20.082721 49.188113
2022-04-13 13:16:28,810 valid 100 3.263084e+00 20.289295 49.520421
2022-04-13 13:16:39,348 valid 150 3.270830e+00 20.415977 49.575745
2022-04-13 13:16:48,563 valid_acc 20.480000
2022-04-13 13:16:49,608 epoch 4 lr 9.842916e-02
2022-04-13 13:16:51,366 train 000 2.753531e+00 22.656250 66.406250
2022-04-13 13:18:18,481 train 050 2.932000e+00 24.938725 57.766544
2022-04-13 13:19:45,422 train 100 2.917185e+00 25.510520 58.183787
2022-04-13 13:21:12,591 train 150 2.906660e+00 25.657078 58.138452
2022-04-13 13:22:31,398 train_acc 25.560000
2022-04-13 13:22:31,399 alphas-normal
2022-04-13 13:22:31,400 tensor([[0.0403, 0.2328, 0.0545, 0.0492, 0.1202, 0.3059, 0.0599, 0.1372],
        [0.0465, 0.3221, 0.0652, 0.0555, 0.1445, 0.1288, 0.0793, 0.1581],
        [0.1008, 0.2091, 0.1042, 0.1042, 0.1210, 0.1106, 0.1094, 0.1407],
        [0.0950, 0.2321, 0.1194, 0.1098, 0.1138, 0.1403, 0.0861, 0.1035],
        [0.0764, 0.1967, 0.1121, 0.0796, 0.1159, 0.1601, 0.0915, 0.1678],
        [0.1121, 0.1792, 0.1144, 0.1107, 0.1165, 0.1337, 0.1151, 0.1183],
        [0.1062, 0.1732, 0.1131, 0.1092, 0.1185, 0.1460, 0.1204, 0.1133],
        [0.0968, 0.1922, 0.1218, 0.1007, 0.1175, 0.1200, 0.1212, 0.1299],
        [0.1002, 0.1848, 0.1300, 0.1062, 0.1276, 0.1125, 0.1143, 0.1244],
        [0.1176, 0.1477, 0.1178, 0.1137, 0.1213, 0.1337, 0.1204, 0.1278],
        [0.1153, 0.1594, 0.1239, 0.1204, 0.1199, 0.1275, 0.1124, 0.1211],
        [0.1052, 0.1828, 0.1353, 0.1091, 0.1161, 0.1186, 0.1178, 0.1152],
        [0.1002, 0.1788, 0.1332, 0.1061, 0.1271, 0.1273, 0.1108, 0.1165],
        [0.1040, 0.1803, 0.1405, 0.1111, 0.1029, 0.1316, 0.1132, 0.1164]],
       device='cuda:0', requires_grad=True)
2022-04-13 13:22:31,416 alphas-reduce
2022-04-13 13:22:31,417 tensor([[0.1100, 0.1415, 0.0936, 0.1182, 0.1462, 0.1515, 0.1082, 0.1308],
        [0.1119, 0.1468, 0.1186, 0.1194, 0.1346, 0.1316, 0.1106, 0.1264],
        [0.1197, 0.1291, 0.1046, 0.1210, 0.1367, 0.1388, 0.1241, 0.1260],
        [0.1203, 0.1250, 0.1141, 0.1260, 0.1379, 0.1245, 0.1193, 0.1329],
        [0.1074, 0.1506, 0.1191, 0.1118, 0.1237, 0.1369, 0.1221, 0.1285],
        [0.1238, 0.1299, 0.1181, 0.1271, 0.1302, 0.1255, 0.1273, 0.1182],
        [0.1217, 0.1267, 0.1201, 0.1176, 0.1285, 0.1343, 0.1311, 0.1200],
        [0.1146, 0.1549, 0.1198, 0.1190, 0.1149, 0.1356, 0.1188, 0.1224],
        [0.1104, 0.1516, 0.1199, 0.1149, 0.1245, 0.1282, 0.1184, 0.1322],
        [0.1245, 0.1290, 0.1194, 0.1208, 0.1234, 0.1289, 0.1277, 0.1264],
        [0.1243, 0.1268, 0.1228, 0.1251, 0.1231, 0.1285, 0.1261, 0.1234],
        [0.1171, 0.1466, 0.1269, 0.1232, 0.1247, 0.1194, 0.1193, 0.1228],
        [0.1172, 0.1478, 0.1305, 0.1224, 0.1189, 0.1247, 0.1214, 0.1171],
        [0.1143, 0.1439, 0.1276, 0.1190, 0.1170, 0.1306, 0.1130, 0.1345]],
       device='cuda:0', requires_grad=True)
2022-04-13 13:22:31,427 edges-normal
2022-04-13 13:22:31,428 tensor([0.5079, 0.4921, 0.3127, 0.3066, 0.3807, 0.2391, 0.2236, 0.3095, 0.2279,
        0.1260, 0.1555, 0.2487, 0.2492, 0.2207], device='cuda:0',
       requires_grad=True)
2022-04-13 13:22:31,432 edges-reduce
2022-04-13 13:22:31,433 tensor([0.5284, 0.4716, 0.3289, 0.3135, 0.3576, 0.2445, 0.1826, 0.2628, 0.3101,
        0.1849, 0.1467, 0.2084, 0.2170, 0.2431], device='cuda:0',
       requires_grad=True)
2022-04-13 13:22:31,438 genotype = Genotype(normal=[('max_pool_3x3', 1), ('sep_conv_5x5', 0), ('max_pool_3x3', 2), ('max_pool_3x3', 1), ('max_pool_3x3', 2), ('max_pool_3x3', 0), ('max_pool_3x3', 2), ('max_pool_3x3', 3)], normal_concat=range(2, 6), reduce=[('sep_conv_5x5', 0), ('max_pool_3x3', 1), ('max_pool_3x3', 2), ('sep_conv_5x5', 0), ('max_pool_3x3', 3), ('max_pool_3x3', 2), ('max_pool_3x3', 4), ('max_pool_3x3', 3)], reduce_concat=range(2, 6))
2022-04-13 13:22:31,658 valid 000 3.294351e+00 19.531250 52.343750
2022-04-13 13:22:42,027 valid 050 2.997926e+00 23.943015 55.637255
2022-04-13 13:22:52,418 valid 100 3.002964e+00 23.855198 55.344988
2022-04-13 13:23:02,910 valid 150 2.988180e+00 23.841060 55.996482
2022-04-13 13:23:11,414 valid_acc 24.024000
2022-04-13 13:23:12,629 epoch 5 lr 9.755283e-02
2022-04-13 13:23:14,384 train 000 2.796818e+00 25.000000 58.593750
2022-04-13 13:24:40,878 train 050 2.769198e+00 28.017770 61.366422
2022-04-13 13:26:08,201 train 100 2.774766e+00 27.854270 61.231436
2022-04-13 13:27:35,881 train 150 2.760874e+00 28.285389 61.723924
2022-04-13 13:28:54,462 train_acc 28.768000
2022-04-13 13:28:54,464 alphas-normal
2022-04-13 13:28:54,465 tensor([[0.0316, 0.2231, 0.0393, 0.0367, 0.1298, 0.3487, 0.0492, 0.1416],
        [0.0333, 0.3546, 0.0525, 0.0416, 0.1182, 0.1347, 0.0692, 0.1958],
        [0.1002, 0.2164, 0.0943, 0.0966, 0.1219, 0.1086, 0.1015, 0.1605],
        [0.0875, 0.2661, 0.1197, 0.1068, 0.1146, 0.1312, 0.0779, 0.0961],
        [0.0660, 0.1939, 0.0993, 0.0673, 0.1300, 0.1771, 0.0892, 0.1772],
        [0.1113, 0.1854, 0.1083, 0.1060, 0.1217, 0.1440, 0.1133, 0.1099],
        [0.1011, 0.1860, 0.1101, 0.1054, 0.1137, 0.1559, 0.1169, 0.1110],
        [0.0896, 0.2226, 0.1196, 0.0930, 0.1111, 0.1149, 0.1129, 0.1364],
        [0.0940, 0.2010, 0.1264, 0.0997, 0.1275, 0.1126, 0.1075, 0.1314],
        [0.1174, 0.1501, 0.1157, 0.1117, 0.1206, 0.1368, 0.1184, 0.1293],
        [0.1127, 0.1664, 0.1232, 0.1188, 0.1167, 0.1305, 0.1079, 0.1238],
        [0.1007, 0.1928, 0.1286, 0.1032, 0.1183, 0.1203, 0.1225, 0.1135],
        [0.0921, 0.1906, 0.1267, 0.0988, 0.1324, 0.1346, 0.1075, 0.1172],
        [0.0962, 0.1936, 0.1382, 0.1052, 0.1015, 0.1390, 0.1106, 0.1158]],
       device='cuda:0', requires_grad=True)
2022-04-13 13:28:54,479 alphas-reduce
2022-04-13 13:28:54,481 tensor([[0.1046, 0.1352, 0.0862, 0.1075, 0.1511, 0.1779, 0.1015, 0.1360],
        [0.1102, 0.1483, 0.1156, 0.1146, 0.1341, 0.1480, 0.1076, 0.1215],
        [0.1193, 0.1282, 0.1002, 0.1191, 0.1385, 0.1469, 0.1243, 0.1235],
        [0.1188, 0.1262, 0.1136, 0.1293, 0.1466, 0.1159, 0.1200, 0.1296],
        [0.1003, 0.1519, 0.1149, 0.1045, 0.1223, 0.1565, 0.1168, 0.1328],
        [0.1232, 0.1317, 0.1165, 0.1271, 0.1312, 0.1254, 0.1258, 0.1191],
        [0.1203, 0.1270, 0.1205, 0.1155, 0.1296, 0.1358, 0.1313, 0.1202],
        [0.1101, 0.1618, 0.1181, 0.1155, 0.1136, 0.1425, 0.1166, 0.1218],
        [0.1037, 0.1587, 0.1186, 0.1099, 0.1237, 0.1348, 0.1159, 0.1346],
        [0.1244, 0.1305, 0.1180, 0.1201, 0.1227, 0.1294, 0.1287, 0.1262],
        [0.1240, 0.1277, 0.1233, 0.1247, 0.1232, 0.1285, 0.1253, 0.1233],
        [0.1149, 0.1553, 0.1277, 0.1215, 0.1242, 0.1190, 0.1167, 0.1207],
        [0.1146, 0.1577, 0.1329, 0.1207, 0.1170, 0.1228, 0.1194, 0.1149],
        [0.1103, 0.1533, 0.1297, 0.1163, 0.1134, 0.1357, 0.1094, 0.1319]],
       device='cuda:0', requires_grad=True)
2022-04-13 13:28:54,492 edges-normal
2022-04-13 13:28:54,494 tensor([0.4970, 0.5030, 0.2848, 0.3091, 0.4061, 0.2222, 0.2008, 0.3351, 0.2419,
        0.1180, 0.1429, 0.2381, 0.2663, 0.2348], device='cuda:0',
       requires_grad=True)
2022-04-13 13:28:54,498 edges-reduce
2022-04-13 13:28:54,500 tensor([0.5436, 0.4564, 0.2949, 0.3126, 0.3925, 0.2127, 0.1831, 0.2693, 0.3349,
        0.1591, 0.1425, 0.2082, 0.2235, 0.2667], device='cuda:0',
       requires_grad=True)
2022-04-13 13:28:54,505 genotype = Genotype(normal=[('max_pool_3x3', 1), ('sep_conv_5x5', 0), ('max_pool_3x3', 1), ('max_pool_3x3', 2), ('max_pool_3x3', 2), ('max_pool_3x3', 3), ('max_pool_3x3', 3), ('max_pool_3x3', 2)], normal_concat=range(2, 6), reduce=[('sep_conv_5x5', 0), ('max_pool_3x3', 1), ('sep_conv_5x5', 2), ('sep_conv_3x3', 1), ('max_pool_3x3', 3), ('max_pool_3x3', 2), ('max_pool_3x3', 4), ('max_pool_3x3', 3)], reduce_concat=range(2, 6))
2022-04-13 13:28:54,728 valid 000 2.668366e+00 31.250000 61.718750
2022-04-13 13:29:05,025 valid 050 2.892882e+00 26.761642 58.563113
2022-04-13 13:29:15,399 valid 100 2.895815e+00 26.415532 58.647896
2022-04-13 13:29:25,272 valid 150 2.895190e+00 26.288286 58.562707
2022-04-13 13:29:34,946 valid_acc 26.128000
2022-04-13 13:29:36,284 epoch 6 lr 9.648882e-02
2022-04-13 13:29:37,991 train 000 2.500669e+00 30.468750 68.750000
2022-04-13 13:31:04,715 train 050 2.632698e+00 30.484069 64.261642
2022-04-13 13:32:32,336 train 100 2.632709e+00 30.739480 64.186262
2022-04-13 13:34:00,044 train 150 2.616440e+00 31.094785 64.817881
2022-04-13 13:35:18,855 train_acc 31.496000
2022-04-13 13:35:18,864 alphas-normal
2022-04-13 13:35:18,865 tensor([[0.0273, 0.2222, 0.0353, 0.0346, 0.1469, 0.3282, 0.0476, 0.1579],
        [0.0256, 0.3452, 0.0416, 0.0317, 0.1310, 0.1661, 0.0759, 0.1828],
        [0.0980, 0.2195, 0.0945, 0.0979, 0.1273, 0.1062, 0.0976, 0.1590],
        [0.0798, 0.2806, 0.1195, 0.0998, 0.1087, 0.1566, 0.0659, 0.0890],
        [0.0572, 0.1964, 0.0983, 0.0601, 0.1334, 0.2095, 0.0913, 0.1538],
        [0.1099, 0.1831, 0.1034, 0.1026, 0.1291, 0.1414, 0.1194, 0.1111],
        [0.0957, 0.1901, 0.1080, 0.1006, 0.1107, 0.1727, 0.1132, 0.1090],
        [0.0823, 0.2357, 0.1167, 0.0867, 0.1172, 0.1142, 0.1083, 0.1389],
        [0.0891, 0.2097, 0.1213, 0.0945, 0.1311, 0.1148, 0.1080, 0.1315],
        [0.1157, 0.1531, 0.1143, 0.1108, 0.1189, 0.1412, 0.1142, 0.1319],
        [0.1093, 0.1742, 0.1244, 0.1187, 0.1161, 0.1300, 0.1012, 0.1261],
        [0.0964, 0.2034, 0.1245, 0.0987, 0.1140, 0.1283, 0.1234, 0.1112],
        [0.0846, 0.2099, 0.1237, 0.0928, 0.1358, 0.1374, 0.1052, 0.1106],
        [0.0868, 0.2160, 0.1393, 0.0987, 0.0935, 0.1404, 0.1116, 0.1137]],
       device='cuda:0', requires_grad=True)
2022-04-13 13:35:18,882 alphas-reduce
2022-04-13 13:35:18,883 tensor([[0.0993, 0.1360, 0.0759, 0.0952, 0.1604, 0.1927, 0.1003, 0.1401],
        [0.1082, 0.1491, 0.1046, 0.1109, 0.1351, 0.1643, 0.1056, 0.1223],
        [0.1181, 0.1276, 0.0944, 0.1136, 0.1467, 0.1515, 0.1255, 0.1226],
        [0.1173, 0.1244, 0.1069, 0.1313, 0.1537, 0.1137, 0.1228, 0.1297],
        [0.0967, 0.1619, 0.1120, 0.1014, 0.1204, 0.1608, 0.1116, 0.1351],
        [0.1224, 0.1315, 0.1141, 0.1258, 0.1337, 0.1297, 0.1233, 0.1197],
        [0.1200, 0.1261, 0.1176, 0.1149, 0.1309, 0.1380, 0.1323, 0.1202],
        [0.1049, 0.1648, 0.1128, 0.1117, 0.1126, 0.1567, 0.1155, 0.1210],
        [0.0975, 0.1656, 0.1151, 0.1057, 0.1225, 0.1458, 0.1154, 0.1325],
        [0.1237, 0.1313, 0.1168, 0.1196, 0.1223, 0.1300, 0.1294, 0.1269],
        [0.1239, 0.1276, 0.1218, 0.1247, 0.1234, 0.1298, 0.1248, 0.1239],
        [0.1129, 0.1629, 0.1270, 0.1209, 0.1215, 0.1209, 0.1152, 0.1187],
        [0.1116, 0.1673, 0.1332, 0.1192, 0.1165, 0.1203, 0.1183, 0.1138],
        [0.1061, 0.1628, 0.1298, 0.1136, 0.1126, 0.1401, 0.1032, 0.1317]],
       device='cuda:0', requires_grad=True)
2022-04-13 13:35:18,897 edges-normal
2022-04-13 13:35:18,898 tensor([0.4778, 0.5222, 0.2635, 0.3245, 0.4120, 0.2202, 0.2142, 0.3356, 0.2301,
        0.1032, 0.1553, 0.2162, 0.2640, 0.2613], device='cuda:0',
       requires_grad=True)
2022-04-13 13:35:18,903 edges-reduce
2022-04-13 13:35:18,904 tensor([0.5967, 0.4033, 0.3122, 0.2919, 0.3960, 0.2170, 0.1586, 0.2817, 0.3427,
        0.1556, 0.1263, 0.2040, 0.2265, 0.2876], device='cuda:0',
       requires_grad=True)
2022-04-13 13:35:18,909 genotype = Genotype(normal=[('max_pool_3x3', 1), ('sep_conv_5x5', 0), ('max_pool_3x3', 1), ('sep_conv_5x5', 2), ('max_pool_3x3', 2), ('max_pool_3x3', 3), ('max_pool_3x3', 4), ('max_pool_3x3', 3)], normal_concat=range(2, 6), reduce=[('sep_conv_5x5', 0), ('sep_conv_5x5', 1), ('max_pool_3x3', 2), ('sep_conv_5x5', 0), ('max_pool_3x3', 3), ('max_pool_3x3', 2), ('max_pool_3x3', 4), ('max_pool_3x3', 3)], reduce_concat=range(2, 6))
2022-04-13 13:35:19,135 valid 000 3.373164e+00 19.531250 47.656250
2022-04-13 13:35:29,480 valid 050 2.901053e+00 26.976103 60.263480
2022-04-13 13:35:39,880 valid 100 2.891377e+00 26.701733 60.597153
2022-04-13 13:35:50,006 valid 150 2.895002e+00 26.779801 60.430464
2022-04-13 13:35:57,937 valid_acc 26.740000
2022-04-13 13:35:59,391 epoch 7 lr 9.524135e-02
2022-04-13 13:36:01,145 train 000 2.515700e+00 31.250000 69.531250
2022-04-13 13:37:28,542 train 050 2.533811e+00 33.088235 66.804534
2022-04-13 13:38:56,062 train 100 2.509740e+00 34.026918 67.373144
2022-04-13 13:40:23,890 train 150 2.493738e+00 34.235306 67.865273
2022-04-13 13:41:42,767 train_acc 34.016000
2022-04-13 13:41:42,769 alphas-normal
2022-04-13 13:41:42,770 tensor([[0.0243, 0.2195, 0.0283, 0.0299, 0.1541, 0.3295, 0.0443, 0.1701],
        [0.0195, 0.3636, 0.0360, 0.0264, 0.1025, 0.1683, 0.0608, 0.2230],
        [0.0977, 0.2237, 0.0860, 0.0948, 0.1281, 0.1035, 0.0944, 0.1718],
        [0.0772, 0.2852, 0.1080, 0.0903, 0.1109, 0.1745, 0.0611, 0.0928],
        [0.0490, 0.1852, 0.0871, 0.0500, 0.1385, 0.2287, 0.0845, 0.1770],
        [0.1089, 0.1923, 0.0983, 0.1007, 0.1367, 0.1432, 0.1149, 0.1050],
        [0.0902, 0.1938, 0.1031, 0.0945, 0.1076, 0.1920, 0.1133, 0.1055],
        [0.0755, 0.2502, 0.1107, 0.0790, 0.1163, 0.1188, 0.1035, 0.1459],
        [0.0839, 0.2229, 0.1142, 0.0877, 0.1275, 0.1152, 0.1119, 0.1367],
        [0.1150, 0.1564, 0.1125, 0.1098, 0.1200, 0.1462, 0.1093, 0.1307],
        [0.1076, 0.1796, 0.1239, 0.1173, 0.1151, 0.1329, 0.0961, 0.1275],
        [0.0922, 0.2126, 0.1194, 0.0927, 0.1101, 0.1378, 0.1268, 0.1084],
        [0.0772, 0.2269, 0.1174, 0.0850, 0.1463, 0.1382, 0.1066, 0.1023],
        [0.0764, 0.2420, 0.1359, 0.0891, 0.0866, 0.1519, 0.1163, 0.1018]],
       device='cuda:0', requires_grad=True)
2022-04-13 13:41:42,785 alphas-reduce
2022-04-13 13:41:42,786 tensor([[0.0979, 0.1299, 0.0701, 0.0877, 0.1660, 0.2130, 0.0971, 0.1382],
        [0.1034, 0.1489, 0.1012, 0.1107, 0.1445, 0.1760, 0.0955, 0.1199],
        [0.1181, 0.1238, 0.0916, 0.1087, 0.1566, 0.1576, 0.1236, 0.1200],
        [0.1125, 0.1197, 0.1032, 0.1290, 0.1646, 0.1221, 0.1214, 0.1275],
        [0.0893, 0.1636, 0.1115, 0.0950, 0.1330, 0.1682, 0.1038, 0.1358],
        [0.1219, 0.1303, 0.1122, 0.1252, 0.1370, 0.1358, 0.1215, 0.1161],
        [0.1193, 0.1239, 0.1162, 0.1155, 0.1329, 0.1391, 0.1330, 0.1202],
        [0.0995, 0.1719, 0.1141, 0.1103, 0.1101, 0.1679, 0.1082, 0.1180],
        [0.0905, 0.1711, 0.1158, 0.1022, 0.1158, 0.1595, 0.1153, 0.1298],
        [0.1228, 0.1307, 0.1148, 0.1195, 0.1224, 0.1303, 0.1308, 0.1287],
        [0.1235, 0.1261, 0.1202, 0.1250, 0.1242, 0.1311, 0.1247, 0.1253],
        [0.1108, 0.1677, 0.1266, 0.1193, 0.1196, 0.1259, 0.1146, 0.1156],
        [0.1087, 0.1749, 0.1347, 0.1175, 0.1144, 0.1192, 0.1173, 0.1133],
        [0.1022, 0.1718, 0.1314, 0.1112, 0.1107, 0.1424, 0.1000, 0.1304]],
       device='cuda:0', requires_grad=True)
2022-04-13 13:41:42,802 edges-normal
2022-04-13 13:41:42,803 tensor([0.4501, 0.5499, 0.2567, 0.3010, 0.4423, 0.2131, 0.2123, 0.3373, 0.2373,
        0.0846, 0.1644, 0.1932, 0.2634, 0.2944], device='cuda:0',
       requires_grad=True)
2022-04-13 13:41:42,807 edges-reduce
2022-04-13 13:41:42,808 tensor([0.5574, 0.4426, 0.2693, 0.3003, 0.4304, 0.2058, 0.1428, 0.2848, 0.3665,
        0.1449, 0.1221, 0.1985, 0.2334, 0.3011], device='cuda:0',
       requires_grad=True)
2022-04-13 13:41:42,814 genotype = Genotype(normal=[('max_pool_3x3', 1), ('sep_conv_5x5', 0), ('sep_conv_5x5', 2), ('max_pool_3x3', 1), ('max_pool_3x3', 2), ('max_pool_3x3', 3), ('max_pool_3x3', 4), ('max_pool_3x3', 3)], normal_concat=range(2, 6), reduce=[('sep_conv_5x5', 0), ('sep_conv_5x5', 1), ('sep_conv_5x5', 2), ('sep_conv_3x3', 1), ('max_pool_3x3', 3), ('max_pool_3x3', 2), ('max_pool_3x3', 4), ('max_pool_3x3', 3)], reduce_concat=range(2, 6))
2022-04-13 13:41:43,038 valid 000 2.813788e+00 25.781250 60.937500
2022-04-13 13:41:53,418 valid 050 2.977278e+00 27.068015 58.746936
2022-04-13 13:42:03,799 valid 100 2.987873e+00 26.655322 58.624691
2022-04-13 13:42:14,058 valid 150 2.988454e+00 26.898800 58.629967
2022-04-13 13:42:23,517 valid_acc 26.792000
2022-04-13 13:42:25,239 epoch 8 lr 9.381533e-02
2022-04-13 13:42:26,996 train 000 2.472764e+00 34.375000 68.750000
2022-04-13 13:43:54,445 train 050 2.382503e+00 36.580882 70.021446
2022-04-13 13:45:21,585 train 100 2.377786e+00 36.749691 70.119121
2022-04-13 13:46:48,908 train 150 2.382814e+00 36.527318 69.960679
2022-04-13 13:48:07,881 train_acc 36.644000
2022-04-13 13:48:07,883 alphas-normal
2022-04-13 13:48:07,884 tensor([[0.0195, 0.2077, 0.0252, 0.0254, 0.1409, 0.3885, 0.0425, 0.1504],
        [0.0152, 0.3904, 0.0350, 0.0231, 0.1070, 0.1538, 0.0695, 0.2062],
        [0.0956, 0.2339, 0.0874, 0.0969, 0.1310, 0.1126, 0.0907, 0.1519],
        [0.0700, 0.2994, 0.1117, 0.0861, 0.1184, 0.1617, 0.0631, 0.0897],
        [0.0442, 0.1813, 0.0841, 0.0449, 0.1516, 0.2409, 0.0757, 0.1773],
        [0.1061, 0.1906, 0.0895, 0.0945, 0.1476, 0.1498, 0.1186, 0.1033],
        [0.0841, 0.2068, 0.1027, 0.0906, 0.1061, 0.1966, 0.1084, 0.1048],
        [0.0684, 0.2838, 0.1084, 0.0725, 0.1146, 0.1139, 0.0952, 0.1431],
        [0.0787, 0.2360, 0.1099, 0.0825, 0.1320, 0.1162, 0.1109, 0.1337],
        [0.1146, 0.1584, 0.1127, 0.1100, 0.1219, 0.1462, 0.1062, 0.1299],
        [0.1040, 0.1843, 0.1250, 0.1160, 0.1136, 0.1378, 0.0967, 0.1226],
        [0.0878, 0.2123, 0.1130, 0.0878, 0.1113, 0.1464, 0.1337, 0.1076],
        [0.0735, 0.2347, 0.1115, 0.0807, 0.1542, 0.1478, 0.1003, 0.0974],
        [0.0691, 0.2517, 0.1296, 0.0821, 0.0907, 0.1656, 0.1169, 0.0943]],
       device='cuda:0', requires_grad=True)
2022-04-13 13:48:07,900 alphas-reduce
2022-04-13 13:48:07,901 tensor([[0.0888, 0.1166, 0.0636, 0.0732, 0.1518, 0.2726, 0.0908, 0.1426],
        [0.0984, 0.1456, 0.0962, 0.1036, 0.1548, 0.1735, 0.0966, 0.1313],
        [0.1178, 0.1143, 0.0872, 0.1036, 0.1727, 0.1606, 0.1215, 0.1222],
        [0.1102, 0.1146, 0.0993, 0.1269, 0.1804, 0.1254, 0.1239, 0.1193],
        [0.0882, 0.1619, 0.1004, 0.0901, 0.1417, 0.1853, 0.0999, 0.1325],
        [0.1219, 0.1243, 0.1077, 0.1268, 0.1384, 0.1417, 0.1201, 0.1191],
        [0.1200, 0.1215, 0.1142, 0.1182, 0.1321, 0.1411, 0.1329, 0.1199],
        [0.0969, 0.1782, 0.1160, 0.1101, 0.1080, 0.1733, 0.1037, 0.1138],
        [0.0885, 0.1731, 0.1131, 0.1007, 0.1087, 0.1689, 0.1182, 0.1288],
        [0.1228, 0.1291, 0.1130, 0.1192, 0.1233, 0.1310, 0.1322, 0.1295],
        [0.1235, 0.1251, 0.1192, 0.1262, 0.1254, 0.1315, 0.1234, 0.1258],
        [0.1107, 0.1734, 0.1242, 0.1181, 0.1129, 0.1326, 0.1153, 0.1128],
        [0.1076, 0.1790, 0.1317, 0.1161, 0.1120, 0.1214, 0.1185, 0.1136],
        [0.0987, 0.1727, 0.1259, 0.1076, 0.1109, 0.1562, 0.0983, 0.1297]],
       device='cuda:0', requires_grad=True)
2022-04-13 13:48:07,917 edges-normal
2022-04-13 13:48:07,919 tensor([0.4277, 0.5723, 0.2953, 0.2747, 0.4301, 0.2168, 0.2000, 0.3528, 0.2305,
        0.0619, 0.1712, 0.2072, 0.2429, 0.3168], device='cuda:0',
       requires_grad=True)
2022-04-13 13:48:07,924 edges-reduce
2022-04-13 13:48:07,925 tensor([0.5632, 0.4368, 0.2414, 0.3263, 0.4323, 0.1852, 0.1343, 0.3088, 0.3717,
        0.1308, 0.1210, 0.1961, 0.2331, 0.3190], device='cuda:0',
       requires_grad=True)
2022-04-13 13:48:07,931 genotype = Genotype(normal=[('max_pool_3x3', 1), ('sep_conv_5x5', 0), ('sep_conv_5x5', 2), ('max_pool_3x3', 1), ('max_pool_3x3', 2), ('max_pool_3x3', 3), ('max_pool_3x3', 4), ('max_pool_3x3', 3)], normal_concat=range(2, 6), reduce=[('sep_conv_5x5', 0), ('sep_conv_5x5', 1), ('sep_conv_5x5', 2), ('sep_conv_3x3', 1), ('max_pool_3x3', 3), ('max_pool_3x3', 2), ('max_pool_3x3', 4), ('max_pool_3x3', 3)], reduce_concat=range(2, 6))
2022-04-13 13:48:08,153 valid 000 2.857018e+00 27.343750 62.500000
2022-04-13 13:48:18,521 valid 050 2.706854e+00 29.764093 64.123775
2022-04-13 13:48:28,716 valid 100 2.698209e+00 29.935025 64.077970
2022-04-13 13:48:39,089 valid 150 2.687297e+00 30.147972 64.316018
2022-04-13 13:48:48,577 valid_acc 30.204000
2022-04-13 13:48:50,378 epoch 9 lr 9.221640e-02
2022-04-13 13:48:52,120 train 000 2.375428e+00 39.843750 68.750000
2022-04-13 13:50:19,710 train 050 2.316166e+00 38.541667 71.492034
2022-04-13 13:51:47,694 train 100 2.306617e+00 38.327661 71.712562
2022-04-13 13:53:15,525 train 150 2.311887e+00 37.815604 71.652525
2022-04-13 13:54:34,456 train_acc 38.016000
2022-04-13 13:54:34,458 alphas-normal
2022-04-13 13:54:34,459 tensor([[0.0162, 0.1728, 0.0171, 0.0194, 0.1458, 0.3775, 0.0473, 0.2039],
        [0.0133, 0.3551, 0.0246, 0.0171, 0.1099, 0.1794, 0.0735, 0.2270],
        [0.0990, 0.2265, 0.0761, 0.0894, 0.1408, 0.1113, 0.0976, 0.1592],
        [0.0642, 0.3083, 0.1017, 0.0765, 0.1290, 0.1802, 0.0557, 0.0844],
        [0.0373, 0.1883, 0.0875, 0.0404, 0.1513, 0.2596, 0.0724, 0.1632],
        [0.1042, 0.1894, 0.0810, 0.0883, 0.1557, 0.1532, 0.1248, 0.1033],
        [0.0769, 0.2166, 0.0993, 0.0853, 0.0974, 0.2224, 0.0990, 0.1031],
        [0.0627, 0.2939, 0.1033, 0.0668, 0.1283, 0.1172, 0.0866, 0.1411],
        [0.0752, 0.2387, 0.1029, 0.0778, 0.1296, 0.1175, 0.1207, 0.1376],
        [0.1147, 0.1589, 0.1128, 0.1101, 0.1224, 0.1477, 0.1038, 0.1296],
        [0.1032, 0.1849, 0.1217, 0.1125, 0.1147, 0.1468, 0.0903, 0.1259],
        [0.0876, 0.2168, 0.1115, 0.0851, 0.1103, 0.1393, 0.1383, 0.1111],
        [0.0709, 0.2387, 0.1073, 0.0766, 0.1561, 0.1573, 0.0973, 0.0958],
        [0.0628, 0.2685, 0.1295, 0.0759, 0.0841, 0.1624, 0.1172, 0.0995]],
       device='cuda:0', requires_grad=True)
2022-04-13 13:54:34,477 alphas-reduce
2022-04-13 13:54:34,478 tensor([[0.0837, 0.1074, 0.0542, 0.0656, 0.1532, 0.3055, 0.0831, 0.1473],
        [0.0913, 0.1314, 0.0834, 0.0985, 0.1735, 0.1854, 0.1019, 0.1346],
        [0.1190, 0.1100, 0.0811, 0.1000, 0.1727, 0.1688, 0.1199, 0.1284],
        [0.1086, 0.1077, 0.0910, 0.1255, 0.1967, 0.1367, 0.1202, 0.1136],
        [0.0827, 0.1701, 0.1004, 0.0868, 0.1512, 0.1785, 0.0948, 0.1356],
        [0.1194, 0.1207, 0.1034, 0.1263, 0.1442, 0.1525, 0.1160, 0.1175],
        [0.1203, 0.1191, 0.1116, 0.1188, 0.1333, 0.1432, 0.1344, 0.1193],
        [0.0913, 0.1889, 0.1128, 0.1078, 0.1074, 0.1849, 0.1015, 0.1053],
        [0.0812, 0.1778, 0.1082, 0.0963, 0.1053, 0.1802, 0.1175, 0.1335],
        [0.1231, 0.1292, 0.1123, 0.1188, 0.1226, 0.1311, 0.1325, 0.1304],
        [0.1228, 0.1244, 0.1173, 0.1264, 0.1259, 0.1337, 0.1220, 0.1275],
        [0.1085, 0.1799, 0.1232, 0.1170, 0.1110, 0.1349, 0.1146, 0.1110],
        [0.1039, 0.1853, 0.1299, 0.1136, 0.1099, 0.1223, 0.1193, 0.1158],
        [0.0947, 0.1821, 0.1244, 0.1049, 0.1096, 0.1617, 0.0964, 0.1262]],
       device='cuda:0', requires_grad=True)
2022-04-13 13:54:34,494 edges-normal
2022-04-13 13:54:34,496 tensor([0.4339, 0.5661, 0.3092, 0.2658, 0.4250, 0.2410, 0.1923, 0.3474, 0.2192,
        0.0523, 0.1642, 0.1922, 0.2376, 0.3537], device='cuda:0',
       requires_grad=True)
2022-04-13 13:54:34,501 edges-reduce
2022-04-13 13:54:34,502 tensor([0.5715, 0.4285, 0.2407, 0.3257, 0.4336, 0.1975, 0.1211, 0.3019, 0.3796,
        0.1198, 0.1149, 0.1962, 0.2383, 0.3309], device='cuda:0',
       requires_grad=True)
2022-04-13 13:54:34,508 genotype = Genotype(normal=[('max_pool_3x3', 1), ('sep_conv_5x5', 0), ('sep_conv_5x5', 2), ('max_pool_3x3', 1), ('max_pool_3x3', 2), ('max_pool_3x3', 3), ('max_pool_3x3', 4), ('max_pool_3x3', 3)], normal_concat=range(2, 6), reduce=[('sep_conv_5x5', 0), ('sep_conv_5x5', 1), ('sep_conv_5x5', 2), ('sep_conv_3x3', 1), ('sep_conv_5x5', 3), ('max_pool_3x3', 2), ('max_pool_3x3', 4), ('max_pool_3x3', 3)], reduce_concat=range(2, 6))
2022-04-13 13:54:34,742 valid 000 2.481481e+00 34.375000 69.531250
