[2022-04-13 12:48:14,825][root][INFO] - gpu device = 0
[2022-04-13 12:48:14,826][root][INFO] - args = {'flags': {'readonly': None, 'struct': False}, '_resolver_cache': defaultdict(<class 'dict'>, {}), 'content': {'run': {'s3_bucket': None, 'seed': 1020, 'data': '/home/chatzimichailid/darts/AutoML_rebuttal/gaea_release/cnn/datka', 'dataset': 'cifar100', 'epochs': 50, 'scheduler_epochs': 50, 'n_threads_data': 0, 'autodl': '/home/chatzimichailid/darts/AutoML_rebuttal/gaea_release/cnn/code/AutoDL', 'report_freq': 50, 'test_code': False, 'gpu': 0}, 'search': {'single_level': False, 'exclude_zero': False, 'track_running_stats': True, 'method': 'eedarts', 'search_space': 'pcdarts', 'nodes': 4, 'arch_grad_clip': None, 'train_portion': 0.5, 'arch_learning_rate': 0.1, 'edge_learning_rate': 0.1, 'discrete': False, 'adapt_lr': False, 'arch_weight_decay': 0.0, 'gd': False, 'learn_edges': True, 'trace_norm': 8}, 'train': {'scheduler': 'cosine', 'lr_anneal_cycles': 1, 'smooth_cross_entropy': False, 'batch_size': 128, 'learning_rate': 0.1, 'learning_rate_min': 0.0, 'momentum': 0.9, 'weight_decay': 0.0003, 'init_channels': 16, 'layers': 8, 'cutout': False, 'auxiliary': False, 'auxiliary_weight': 0.4, 'drop_path_prob': 0, 'grad_clip': 5}}, 'parent': None}
[2022-04-13 12:50:08,561][root][INFO] - param size = 0.322708MB
[2022-04-13 12:50:08,583][root][INFO] - [Errno 2] No such file or directory: '/home/chatzimichailid/darts/AutoML_rebuttal/gaea_release/cnn/data/search-pcdarts-eedarts-cifar100-1020/model.ckpt'
[2022-04-13 12:50:08,584][root][INFO] - epoch 0 lr 1.000000e-01
[2022-04-13 12:50:11,082][root][INFO] - train 000 4.606145e+00 0.781250 5.468750
[2022-04-13 12:51:39,065][root][INFO] - train 050 4.273799e+00 5.039828 18.857230
[2022-04-13 12:53:07,772][root][INFO] - train 100 4.145865e+00 6.621287 22.563428
[2022-04-13 12:54:35,952][root][INFO] - train 150 4.076692e+00 7.274421 24.751656
[2022-04-13 12:55:55,712][root][INFO] - train_acc 8.052000
[2022-04-13 12:55:55,713][root][INFO] - alphas-normal
[2022-04-13 12:55:55,714][root][INFO] - tensor([[0.1155, 0.1395, 0.1190, 0.1183, 0.1175, 0.1318, 0.1255, 0.1328],
        [0.1165, 0.1416, 0.1216, 0.1194, 0.1207, 0.1276, 0.1232, 0.1294],
        [0.1218, 0.1322, 0.1246, 0.1240, 0.1230, 0.1232, 0.1231, 0.1281],
        [0.1241, 0.1340, 0.1256, 0.1250, 0.1225, 0.1249, 0.1201, 0.1239],
        [0.1222, 0.1346, 0.1262, 0.1228, 0.1224, 0.1261, 0.1238, 0.1221],
        [0.1241, 0.1283, 0.1237, 0.1240, 0.1237, 0.1248, 0.1252, 0.1262],
        [0.1238, 0.1292, 0.1242, 0.1246, 0.1243, 0.1235, 0.1268, 0.1235],
        [0.1235, 0.1305, 0.1249, 0.1232, 0.1240, 0.1242, 0.1239, 0.1258],
        [0.1242, 0.1293, 0.1243, 0.1237, 0.1232, 0.1267, 0.1236, 0.1250],
        [0.1237, 0.1279, 0.1243, 0.1246, 0.1253, 0.1259, 0.1237, 0.1246],
        [0.1236, 0.1283, 0.1244, 0.1246, 0.1241, 0.1269, 0.1243, 0.1239],
        [0.1231, 0.1295, 0.1252, 0.1232, 0.1245, 0.1267, 0.1239, 0.1239],
        [0.1239, 0.1296, 0.1257, 0.1242, 0.1254, 0.1237, 0.1228, 0.1247],
        [0.1233, 0.1295, 0.1255, 0.1238, 0.1231, 0.1257, 0.1245, 0.1245]],
       device='cuda:0', requires_grad=True)
[2022-04-13 12:55:55,728][root][INFO] - alphas-reduce
[2022-04-13 12:55:55,729][root][INFO] - tensor([[0.1239, 0.1296, 0.1253, 0.1251, 0.1211, 0.1258, 0.1219, 0.1273],
        [0.1248, 0.1277, 0.1225, 0.1246, 0.1264, 0.1241, 0.1256, 0.1242],
        [0.1250, 0.1265, 0.1248, 0.1243, 0.1243, 0.1249, 0.1252, 0.1250],
        [0.1247, 0.1260, 0.1244, 0.1242, 0.1255, 0.1245, 0.1253, 0.1254],
        [0.1236, 0.1288, 0.1246, 0.1243, 0.1252, 0.1258, 0.1228, 0.1249],
        [0.1245, 0.1259, 0.1247, 0.1242, 0.1244, 0.1262, 0.1245, 0.1255],
        [0.1251, 0.1260, 0.1249, 0.1243, 0.1247, 0.1254, 0.1255, 0.1241],
        [0.1241, 0.1279, 0.1250, 0.1248, 0.1247, 0.1246, 0.1243, 0.1246],
        [0.1241, 0.1280, 0.1252, 0.1246, 0.1244, 0.1255, 0.1234, 0.1247],
        [0.1245, 0.1261, 0.1252, 0.1248, 0.1249, 0.1257, 0.1246, 0.1241],
        [0.1247, 0.1253, 0.1245, 0.1243, 0.1252, 0.1254, 0.1256, 0.1249],
        [0.1248, 0.1266, 0.1251, 0.1248, 0.1245, 0.1246, 0.1242, 0.1255],
        [0.1245, 0.1263, 0.1251, 0.1246, 0.1245, 0.1247, 0.1251, 0.1253],
        [0.1243, 0.1265, 0.1254, 0.1245, 0.1244, 0.1252, 0.1246, 0.1252]],
       device='cuda:0', requires_grad=True)
[2022-04-13 12:55:55,739][root][INFO] - edges-normal
[2022-04-13 12:55:55,740][root][INFO] - tensor([0.5443, 0.4557, 0.3585, 0.3041, 0.3374, 0.2644, 0.2570, 0.2423, 0.2363,
        0.1982, 0.2021, 0.2057, 0.1948, 0.1993], device='cuda:0',
       requires_grad=True)
[2022-04-13 12:55:55,743][root][INFO] - edges-reduce
[2022-04-13 12:55:55,744][root][INFO] - tensor([0.4895, 0.5105, 0.3270, 0.3250, 0.3480, 0.2414, 0.2484, 0.2546, 0.2556,
        0.1975, 0.1963, 0.1986, 0.2023, 0.2053], device='cuda:0',
       requires_grad=True)
[2022-04-13 12:55:55,748][root][INFO] - genotype = Genotype(normal=[('max_pool_3x3', 0), ('max_pool_3x3', 1), ('max_pool_3x3', 0), ('max_pool_3x3', 2), ('max_pool_3x3', 0), ('max_pool_3x3', 1), ('max_pool_3x3', 2), ('max_pool_3x3', 1)], normal_concat=range(2, 6), reduce=[('max_pool_3x3', 1), ('max_pool_3x3', 0), ('max_pool_3x3', 2), ('max_pool_3x3', 0), ('max_pool_3x3', 3), ('max_pool_3x3', 2), ('max_pool_3x3', 4), ('max_pool_3x3', 3)], reduce_concat=range(2, 6))
[2022-04-13 12:55:55,977][root][INFO] - valid 000 3.750095e+00 12.500000 34.375000
[2022-04-13 12:56:06,506][root][INFO] - valid 050 3.775872e+00 10.906863 33.226103
[2022-04-13 12:56:16,955][root][INFO] - valid 100 3.772976e+00 11.463490 33.748453
[2022-04-13 12:56:27,446][root][INFO] - valid 150 3.778832e+00 11.434189 33.873137
[2022-04-13 12:56:36,834][root][INFO] - valid_acc 11.412000
[2022-04-13 12:56:37,334][root][INFO] - epoch 1 lr 9.990134e-02
[2022-04-13 12:56:39,119][root][INFO] - train 000 3.628096e+00 14.062500 43.750000
[2022-04-13 12:58:07,739][root][INFO] - train 050 3.691846e+00 12.132353 36.305147
[2022-04-13 12:59:36,168][root][INFO] - train 100 3.646805e+00 12.677908 37.940903
[2022-04-13 13:01:04,013][root][INFO] - train 150 3.620977e+00 13.089818 38.570985
[2022-04-13 13:02:23,187][root][INFO] - train_acc 13.428000
[2022-04-13 13:02:23,189][root][INFO] - alphas-normal
[2022-04-13 13:02:23,190][root][INFO] - tensor([[0.0964, 0.1852, 0.1068, 0.1034, 0.1009, 0.1450, 0.1126, 0.1498],
        [0.0941, 0.1724, 0.1069, 0.1025, 0.1064, 0.1582, 0.1145, 0.1451],
        [0.1158, 0.1554, 0.1239, 0.1222, 0.1301, 0.1187, 0.1108, 0.1231],
        [0.1216, 0.1500, 0.1224, 0.1223, 0.1202, 0.1228, 0.1146, 0.1261],
        [0.1153, 0.1496, 0.1239, 0.1161, 0.1217, 0.1254, 0.1256, 0.1225],
        [0.1209, 0.1393, 0.1229, 0.1214, 0.1255, 0.1233, 0.1237, 0.1230],
        [0.1216, 0.1393, 0.1223, 0.1230, 0.1222, 0.1248, 0.1256, 0.1212],
        [0.1182, 0.1380, 0.1249, 0.1196, 0.1235, 0.1254, 0.1228, 0.1277],
        [0.1205, 0.1376, 0.1261, 0.1215, 0.1219, 0.1296, 0.1213, 0.1217],
        [0.1204, 0.1337, 0.1231, 0.1233, 0.1258, 0.1275, 0.1221, 0.1240],
        [0.1209, 0.1342, 0.1229, 0.1235, 0.1216, 0.1287, 0.1236, 0.1246],
        [0.1206, 0.1362, 0.1246, 0.1205, 0.1219, 0.1282, 0.1236, 0.1244],
        [0.1216, 0.1367, 0.1261, 0.1224, 0.1252, 0.1215, 0.1210, 0.1256],
        [0.1209, 0.1371, 0.1266, 0.1221, 0.1215, 0.1256, 0.1235, 0.1228]],
       device='cuda:0', requires_grad=True)
[2022-04-13 13:02:23,200][root][INFO] - alphas-reduce
[2022-04-13 13:02:23,201][root][INFO] - tensor([[0.1219, 0.1326, 0.1240, 0.1219, 0.1184, 0.1311, 0.1200, 0.1301],
        [0.1232, 0.1265, 0.1178, 0.1248, 0.1300, 0.1272, 0.1235, 0.1269],
        [0.1240, 0.1289, 0.1250, 0.1236, 0.1248, 0.1254, 0.1242, 0.1241],
        [0.1240, 0.1261, 0.1229, 0.1246, 0.1256, 0.1252, 0.1252, 0.1264],
        [0.1211, 0.1321, 0.1223, 0.1219, 0.1270, 0.1293, 0.1204, 0.1259],
        [0.1235, 0.1275, 0.1255, 0.1234, 0.1236, 0.1266, 0.1241, 0.1259],
        [0.1246, 0.1270, 0.1246, 0.1246, 0.1236, 0.1260, 0.1256, 0.1239],
        [0.1223, 0.1333, 0.1262, 0.1241, 0.1235, 0.1236, 0.1233, 0.1238],
        [0.1218, 0.1325, 0.1263, 0.1235, 0.1234, 0.1267, 0.1219, 0.1238],
        [0.1240, 0.1274, 0.1255, 0.1252, 0.1244, 0.1269, 0.1238, 0.1229],
        [0.1242, 0.1258, 0.1243, 0.1235, 0.1256, 0.1259, 0.1256, 0.1251],
        [0.1236, 0.1303, 0.1259, 0.1245, 0.1228, 0.1250, 0.1235, 0.1243],
        [0.1230, 0.1294, 0.1257, 0.1239, 0.1231, 0.1250, 0.1249, 0.1250],
        [0.1226, 0.1300, 0.1262, 0.1237, 0.1231, 0.1265, 0.1240, 0.1239]],
       device='cuda:0', requires_grad=True)
[2022-04-13 13:02:23,212][root][INFO] - edges-normal
[2022-04-13 13:02:23,213][root][INFO] - tensor([0.5404, 0.4596, 0.3579, 0.2756, 0.3665, 0.2663, 0.2437, 0.2567, 0.2334,
        0.1971, 0.1949, 0.2152, 0.1923, 0.2005], device='cuda:0',
       requires_grad=True)
[2022-04-13 13:02:23,217][root][INFO] - edges-reduce
[2022-04-13 13:02:23,218][root][INFO] - tensor([0.4803, 0.5197, 0.3241, 0.3206, 0.3552, 0.2341, 0.2411, 0.2604, 0.2644,
        0.1845, 0.1862, 0.2029, 0.2103, 0.2162], device='cuda:0',
       requires_grad=True)
[2022-04-13 13:02:23,223][root][INFO] - genotype = Genotype(normal=[('max_pool_3x3', 0), ('max_pool_3x3', 1), ('max_pool_3x3', 0), ('max_pool_3x3', 2), ('max_pool_3x3', 0), ('max_pool_3x3', 2), ('max_pool_3x3', 2), ('max_pool_3x3', 4)], normal_concat=range(2, 6), reduce=[('sep_conv_3x3', 1), ('max_pool_3x3', 0), ('max_pool_3x3', 2), ('max_pool_3x3', 0), ('max_pool_3x3', 3), ('max_pool_3x3', 2), ('max_pool_3x3', 4), ('max_pool_3x3', 3)], reduce_concat=range(2, 6))
[2022-04-13 13:02:23,446][root][INFO] - valid 000 3.673421e+00 11.718750 32.812500
[2022-04-13 13:02:33,201][root][INFO] - valid 050 3.655733e+00 13.495711 39.261642
[2022-04-13 13:02:43,640][root][INFO] - valid 100 3.654751e+00 13.459158 38.845916
[2022-04-13 13:02:54,066][root][INFO] - valid 150 3.663685e+00 13.353684 38.441639
[2022-04-13 13:03:03,449][root][INFO] - valid_acc 13.360000
[2022-04-13 13:03:04,138][root][INFO] - epoch 2 lr 9.960574e-02
[2022-04-13 13:03:05,921][root][INFO] - train 000 3.537051e+00 13.281250 35.937500
[2022-04-13 13:04:34,055][root][INFO] - train 050 3.441649e+00 16.697304 43.167892
[2022-04-13 13:06:01,391][root][INFO] - train 100 3.406446e+00 17.404084 44.167698
[2022-04-13 13:07:29,597][root][INFO] - train 150 3.378313e+00 17.854925 45.209023
[2022-04-13 13:08:47,986][root][INFO] - train_acc 18.056000
[2022-04-13 13:08:47,988][root][INFO] - alphas-normal
[2022-04-13 13:08:47,989][root][INFO] - tensor([[0.0713, 0.2729, 0.0865, 0.0781, 0.0789, 0.1446, 0.0877, 0.1800],
        [0.0742, 0.2167, 0.0822, 0.0754, 0.0930, 0.2014, 0.0962, 0.1609],
        [0.1069, 0.1833, 0.1154, 0.1128, 0.1406, 0.1141, 0.1064, 0.1206],
        [0.1165, 0.1715, 0.1149, 0.1142, 0.1211, 0.1195, 0.1099, 0.1324],
        [0.1043, 0.1788, 0.1176, 0.1050, 0.1183, 0.1272, 0.1230, 0.1258],
        [0.1168, 0.1525, 0.1182, 0.1167, 0.1241, 0.1231, 0.1204, 0.1281],
        [0.1186, 0.1546, 0.1196, 0.1195, 0.1213, 0.1264, 0.1242, 0.1157],
        [0.1110, 0.1527, 0.1219, 0.1129, 0.1250, 0.1278, 0.1187, 0.1299],
        [0.1149, 0.1528, 0.1254, 0.1169, 0.1189, 0.1327, 0.1179, 0.1205],
        [0.1178, 0.1418, 0.1212, 0.1206, 0.1236, 0.1294, 0.1225, 0.1232],
        [0.1177, 0.1411, 0.1186, 0.1186, 0.1198, 0.1328, 0.1239, 0.1275],
        [0.1179, 0.1467, 0.1226, 0.1165, 0.1175, 0.1297, 0.1231, 0.1260],
        [0.1179, 0.1486, 0.1268, 0.1191, 0.1262, 0.1213, 0.1162, 0.1240],
        [0.1172, 0.1483, 0.1270, 0.1190, 0.1214, 0.1234, 0.1217, 0.1219]],
       device='cuda:0', requires_grad=True)
[2022-04-13 13:08:48,003][root][INFO] - alphas-reduce
[2022-04-13 13:08:48,004][root][INFO] - tensor([[0.1177, 0.1381, 0.1208, 0.1203, 0.1146, 0.1448, 0.1140, 0.1296],
        [0.1206, 0.1299, 0.1152, 0.1215, 0.1320, 0.1311, 0.1169, 0.1327],
        [0.1229, 0.1333, 0.1239, 0.1228, 0.1252, 0.1272, 0.1224, 0.1222],
        [0.1221, 0.1287, 0.1217, 0.1236, 0.1282, 0.1250, 0.1264, 0.1243],
        [0.1177, 0.1398, 0.1207, 0.1195, 0.1271, 0.1296, 0.1174, 0.1280],
        [0.1224, 0.1304, 0.1252, 0.1239, 0.1233, 0.1272, 0.1215, 0.1261],
        [0.1238, 0.1306, 0.1263, 0.1227, 0.1214, 0.1269, 0.1264, 0.1219],
        [0.1186, 0.1420, 0.1274, 0.1226, 0.1211, 0.1238, 0.1211, 0.1233],
        [0.1177, 0.1419, 0.1292, 0.1216, 0.1215, 0.1294, 0.1179, 0.1209],
        [0.1235, 0.1291, 0.1249, 0.1259, 0.1232, 0.1277, 0.1244, 0.1212],
        [0.1234, 0.1271, 0.1243, 0.1233, 0.1251, 0.1271, 0.1239, 0.1257],
        [0.1222, 0.1351, 0.1259, 0.1234, 0.1221, 0.1257, 0.1219, 0.1238],
        [0.1207, 0.1338, 0.1257, 0.1223, 0.1221, 0.1270, 0.1237, 0.1247],
        [0.1202, 0.1354, 0.1267, 0.1223, 0.1219, 0.1303, 0.1218, 0.1214]],
       device='cuda:0', requires_grad=True)
[2022-04-13 13:08:48,015][root][INFO] - edges-normal
[2022-04-13 13:08:48,016][root][INFO] - tensor([0.5502, 0.4498, 0.3329, 0.2566, 0.4105, 0.2469, 0.2274, 0.2820, 0.2437,
        0.1875, 0.1913, 0.2214, 0.1971, 0.2027], device='cuda:0',
       requires_grad=True)
[2022-04-13 13:08:48,020][root][INFO] - edges-reduce
[2022-04-13 13:08:48,021][root][INFO] - tensor([0.5071, 0.4929, 0.3118, 0.3062, 0.3820, 0.2208, 0.2219, 0.2726, 0.2848,
        0.1751, 0.1760, 0.2025, 0.2190, 0.2273], device='cuda:0',
       requires_grad=True)
[2022-04-13 13:08:48,025][root][INFO] - genotype = Genotype(normal=[('max_pool_3x3', 0), ('max_pool_3x3', 1), ('max_pool_3x3', 2), ('max_pool_3x3', 0), ('max_pool_3x3', 2), ('max_pool_3x3', 0), ('max_pool_3x3', 2), ('max_pool_3x3', 4)], normal_concat=range(2, 6), reduce=[('sep_conv_5x5', 0), ('dil_conv_5x5', 1), ('max_pool_3x3', 2), ('max_pool_3x3', 0), ('max_pool_3x3', 3), ('max_pool_3x3', 2), ('max_pool_3x3', 4), ('max_pool_3x3', 3)], reduce_concat=range(2, 6))
[2022-04-13 13:08:48,258][root][INFO] - valid 000 3.298105e+00 18.750000 47.656250
[2022-04-13 13:08:58,845][root][INFO] - valid 050 3.414451e+00 16.176471 43.581495
[2022-04-13 13:09:09,256][root][INFO] - valid 100 3.439448e+00 16.081374 43.154394
[2022-04-13 13:09:19,672][root][INFO] - valid 150 3.446355e+00 16.007864 43.165356
[2022-04-13 13:09:29,002][root][INFO] - valid_acc 15.908000
[2022-04-13 13:09:29,924][root][INFO] - epoch 3 lr 9.911436e-02
[2022-04-13 13:09:31,698][root][INFO] - train 000 2.975006e+00 23.437500 56.250000
[2022-04-13 13:10:59,903][root][INFO] - train 050 3.187051e+00 20.802696 51.562500
[2022-04-13 13:12:28,078][root][INFO] - train 100 3.155619e+00 21.294864 51.833230
[2022-04-13 13:13:56,166][root][INFO] - train 150 3.134345e+00 21.523179 52.369619
[2022-04-13 13:15:15,424][root][INFO] - train_acc 21.764000
[2022-04-13 13:15:15,426][root][INFO] - alphas-normal
[2022-04-13 13:15:15,426][root][INFO] - tensor([[0.0575, 0.3315, 0.0562, 0.0519, 0.0820, 0.1555, 0.0816, 0.1839],
        [0.0541, 0.2574, 0.0668, 0.0581, 0.0731, 0.2315, 0.0897, 0.1693],
        [0.0994, 0.2051, 0.1083, 0.1048, 0.1474, 0.1154, 0.1013, 0.1183],
        [0.1104, 0.1911, 0.1095, 0.1087, 0.1210, 0.1168, 0.1019, 0.1405],
        [0.0946, 0.1914, 0.1035, 0.0933, 0.1269, 0.1491, 0.1180, 0.1231],
        [0.1116, 0.1667, 0.1148, 0.1125, 0.1245, 0.1216, 0.1184, 0.1299],
        [0.1162, 0.1658, 0.1169, 0.1172, 0.1171, 0.1288, 0.1233, 0.1146],
        [0.1039, 0.1680, 0.1180, 0.1073, 0.1229, 0.1352, 0.1137, 0.1310],
        [0.1083, 0.1682, 0.1245, 0.1126, 0.1121, 0.1387, 0.1158, 0.1199],
        [0.1145, 0.1500, 0.1211, 0.1184, 0.1224, 0.1294, 0.1223, 0.1221],
        [0.1155, 0.1475, 0.1156, 0.1158, 0.1174, 0.1379, 0.1215, 0.1289],
        [0.1142, 0.1543, 0.1191, 0.1113, 0.1140, 0.1346, 0.1190, 0.1335],
        [0.1137, 0.1593, 0.1268, 0.1156, 0.1258, 0.1225, 0.1117, 0.1246],
        [0.1121, 0.1584, 0.1262, 0.1147, 0.1227, 0.1221, 0.1212, 0.1227]],
       device='cuda:0', requires_grad=True)
[2022-04-13 13:15:15,440][root][INFO] - alphas-reduce
[2022-04-13 13:15:15,440][root][INFO] - tensor([[0.1128, 0.1408, 0.1180, 0.1151, 0.1116, 0.1602, 0.1122, 0.1294],
        [0.1131, 0.1300, 0.1107, 0.1155, 0.1324, 0.1479, 0.1174, 0.1331],
        [0.1221, 0.1360, 0.1241, 0.1218, 0.1255, 0.1271, 0.1202, 0.1233],
        [0.1194, 0.1321, 0.1222, 0.1199, 0.1303, 0.1253, 0.1267, 0.1241],
        [0.1138, 0.1428, 0.1177, 0.1159, 0.1281, 0.1316, 0.1164, 0.1337],
        [0.1211, 0.1332, 0.1261, 0.1222, 0.1222, 0.1303, 0.1186, 0.1263],
        [0.1225, 0.1349, 0.1287, 0.1210, 0.1188, 0.1274, 0.1249, 0.1218],
        [0.1143, 0.1466, 0.1274, 0.1195, 0.1182, 0.1278, 0.1182, 0.1280],
        [0.1131, 0.1491, 0.1320, 0.1191, 0.1174, 0.1337, 0.1125, 0.1231],
        [0.1232, 0.1303, 0.1249, 0.1260, 0.1205, 0.1286, 0.1258, 0.1206],
        [0.1226, 0.1290, 0.1251, 0.1229, 0.1252, 0.1274, 0.1218, 0.1261],
        [0.1199, 0.1387, 0.1269, 0.1222, 0.1213, 0.1250, 0.1209, 0.1251],
        [0.1179, 0.1378, 0.1273, 0.1208, 0.1190, 0.1294, 0.1223, 0.1254],
        [0.1169, 0.1380, 0.1272, 0.1205, 0.1199, 0.1346, 0.1216, 0.1213]],
       device='cuda:0', requires_grad=True)
[2022-04-13 13:15:15,450][root][INFO] - edges-normal
[2022-04-13 13:15:15,451][root][INFO] - tensor([0.5709, 0.4291, 0.3353, 0.2192, 0.4455, 0.2662, 0.1914, 0.2930, 0.2495,
        0.1890, 0.1688, 0.2286, 0.2000, 0.2135], device='cuda:0',
       requires_grad=True)
[2022-04-13 13:15:15,455][root][INFO] - edges-reduce
[2022-04-13 13:15:15,456][root][INFO] - tensor([0.4952, 0.5048, 0.2956, 0.3099, 0.3944, 0.2091, 0.2049, 0.2881, 0.2979,
        0.1669, 0.1555, 0.2132, 0.2268, 0.2377], device='cuda:0',
       requires_grad=True)
[2022-04-13 13:15:15,461][root][INFO] - genotype = Genotype(normal=[('max_pool_3x3', 0), ('max_pool_3x3', 1), ('max_pool_3x3', 2), ('max_pool_3x3', 0), ('max_pool_3x3', 2), ('max_pool_3x3', 0), ('max_pool_3x3', 2), ('max_pool_3x3', 4)], normal_concat=range(2, 6), reduce=[('sep_conv_5x5', 0), ('sep_conv_5x5', 1), ('max_pool_3x3', 2), ('max_pool_3x3', 1), ('max_pool_3x3', 3), ('max_pool_3x3', 2), ('max_pool_3x3', 4), ('max_pool_3x3', 3)], reduce_concat=range(2, 6))
[2022-04-13 13:15:15,692][root][INFO] - valid 000 3.178091e+00 20.312500 53.125000
[2022-04-13 13:15:26,239][root][INFO] - valid 050 3.146028e+00 22.181373 50.949755
[2022-04-13 13:15:36,732][root][INFO] - valid 100 3.121752e+00 22.346844 51.910582
[2022-04-13 13:15:47,218][root][INFO] - valid 150 3.125646e+00 22.407906 51.914321
[2022-04-13 13:15:56,613][root][INFO] - valid_acc 22.404000
[2022-04-13 13:15:57,702][root][INFO] - epoch 4 lr 9.842916e-02
[2022-04-13 13:15:59,479][root][INFO] - train 000 2.980168e+00 22.656250 56.250000
[2022-04-13 13:17:27,960][root][INFO] - train 050 2.996913e+00 22.931985 55.330882
[2022-04-13 13:18:55,762][root][INFO] - train 100 2.951853e+00 24.590037 56.690903
[2022-04-13 13:20:22,623][root][INFO] - train 150 2.934890e+00 24.953435 57.326159
[2022-04-13 13:21:41,996][root][INFO] - train_acc 25.568000
[2022-04-13 13:21:41,998][root][INFO] - alphas-normal
[2022-04-13 13:21:41,999][root][INFO] - tensor([[0.0439, 0.3815, 0.0406, 0.0390, 0.0853, 0.1594, 0.0828, 0.1675],
        [0.0346, 0.2919, 0.0564, 0.0436, 0.0583, 0.2355, 0.0869, 0.1928],
        [0.0927, 0.2191, 0.0985, 0.0968, 0.1605, 0.1158, 0.0920, 0.1246],
        [0.1049, 0.2129, 0.1089, 0.1060, 0.1185, 0.1139, 0.0924, 0.1424],
        [0.0838, 0.2015, 0.0953, 0.0827, 0.1399, 0.1764, 0.1104, 0.1100],
        [0.1078, 0.1803, 0.1191, 0.1141, 0.1185, 0.1173, 0.1139, 0.1290],
        [0.1125, 0.1766, 0.1172, 0.1166, 0.1161, 0.1321, 0.1184, 0.1104],
        [0.0974, 0.1748, 0.1170, 0.1015, 0.1195, 0.1487, 0.1065, 0.1345],
        [0.1048, 0.1781, 0.1244, 0.1099, 0.1042, 0.1404, 0.1191, 0.1189],
        [0.1116, 0.1517, 0.1204, 0.1166, 0.1207, 0.1320, 0.1262, 0.1207],
        [0.1123, 0.1528, 0.1150, 0.1138, 0.1144, 0.1447, 0.1193, 0.1277],
        [0.1116, 0.1566, 0.1153, 0.1066, 0.1155, 0.1399, 0.1165, 0.1381],
        [0.1105, 0.1643, 0.1252, 0.1125, 0.1267, 0.1252, 0.1085, 0.1272],
        [0.1100, 0.1632, 0.1243, 0.1125, 0.1265, 0.1248, 0.1157, 0.1230]],
       device='cuda:0', requires_grad=True)
[2022-04-13 13:21:42,013][root][INFO] - alphas-reduce
[2022-04-13 13:21:42,014][root][INFO] - tensor([[0.1071, 0.1434, 0.1206, 0.1112, 0.1090, 0.1699, 0.1006, 0.1382],
        [0.1110, 0.1185, 0.0988, 0.1127, 0.1361, 0.1715, 0.1178, 0.1336],
        [0.1211, 0.1363, 0.1244, 0.1224, 0.1236, 0.1263, 0.1220, 0.1238],
        [0.1188, 0.1316, 0.1202, 0.1230, 0.1321, 0.1249, 0.1270, 0.1222],
        [0.1065, 0.1475, 0.1153, 0.1100, 0.1269, 0.1345, 0.1136, 0.1456],
        [0.1200, 0.1340, 0.1258, 0.1219, 0.1191, 0.1356, 0.1139, 0.1297],
        [0.1227, 0.1368, 0.1288, 0.1209, 0.1181, 0.1276, 0.1243, 0.1208],
        [0.1091, 0.1515, 0.1259, 0.1151, 0.1142, 0.1346, 0.1138, 0.1357],
        [0.1073, 0.1564, 0.1327, 0.1151, 0.1168, 0.1390, 0.1100, 0.1228],
        [0.1229, 0.1310, 0.1239, 0.1250, 0.1193, 0.1294, 0.1268, 0.1218],
        [0.1225, 0.1295, 0.1237, 0.1234, 0.1254, 0.1285, 0.1207, 0.1263],
        [0.1183, 0.1453, 0.1279, 0.1211, 0.1206, 0.1214, 0.1194, 0.1259],
        [0.1145, 0.1455, 0.1280, 0.1184, 0.1175, 0.1275, 0.1231, 0.1256],
        [0.1124, 0.1468, 0.1279, 0.1176, 0.1180, 0.1393, 0.1195, 0.1185]],
       device='cuda:0', requires_grad=True)
[2022-04-13 13:21:42,025][root][INFO] - edges-normal
[2022-04-13 13:21:42,026][root][INFO] - tensor([0.5347, 0.4653, 0.3138, 0.2053, 0.4810, 0.2359, 0.1728, 0.3371, 0.2542,
        0.1797, 0.1691, 0.2321, 0.2108, 0.2083], device='cuda:0',
       requires_grad=True)
[2022-04-13 13:21:42,030][root][INFO] - edges-reduce
[2022-04-13 13:21:42,031][root][INFO] - tensor([0.5181, 0.4819, 0.2883, 0.2900, 0.4218, 0.2098, 0.1799, 0.2982, 0.3120,
        0.1576, 0.1405, 0.2089, 0.2365, 0.2564], device='cuda:0',
       requires_grad=True)
[2022-04-13 13:21:42,037][root][INFO] - genotype = Genotype(normal=[('max_pool_3x3', 0), ('max_pool_3x3', 1), ('max_pool_3x3', 2), ('max_pool_3x3', 0), ('max_pool_3x3', 2), ('max_pool_3x3', 3), ('max_pool_3x3', 2), ('max_pool_3x3', 3)], normal_concat=range(2, 6), reduce=[('sep_conv_5x5', 0), ('sep_conv_5x5', 1), ('max_pool_3x3', 2), ('max_pool_3x3', 0), ('max_pool_3x3', 3), ('max_pool_3x3', 2), ('max_pool_3x3', 4), ('max_pool_3x3', 3)], reduce_concat=range(2, 6))
[2022-04-13 13:21:42,266][root][INFO] - valid 000 3.087960e+00 21.875000 50.000000
[2022-04-13 13:21:52,128][root][INFO] - valid 050 3.049305e+00 22.288603 54.028799
[2022-04-13 13:22:02,524][root][INFO] - valid 100 3.040697e+00 22.400990 54.439975
[2022-04-13 13:22:12,944][root][INFO] - valid 150 3.042803e+00 22.702815 54.268419
[2022-04-13 13:22:22,321][root][INFO] - valid_acc 22.684000
[2022-04-13 13:22:23,551][root][INFO] - epoch 5 lr 9.755283e-02
[2022-04-13 13:22:25,278][root][INFO] - train 000 2.892766e+00 27.343750 60.156250
[2022-04-13 13:23:53,913][root][INFO] - train 050 2.822650e+00 27.481618 60.049020
[2022-04-13 13:25:23,000][root][INFO] - train 100 2.810592e+00 27.761448 60.241337
[2022-04-13 13:26:52,082][root][INFO] - train 150 2.781142e+00 28.254346 60.802980
[2022-04-13 13:28:11,450][root][INFO] - train_acc 28.408000
[2022-04-13 13:28:11,452][root][INFO] - alphas-normal
[2022-04-13 13:28:11,453][root][INFO] - tensor([[0.0323, 0.3978, 0.0232, 0.0219, 0.0891, 0.1967, 0.0751, 0.1639],
        [0.0241, 0.3507, 0.0497, 0.0332, 0.0420, 0.2292, 0.0826, 0.1885],
        [0.0842, 0.2320, 0.0916, 0.0882, 0.1673, 0.1221, 0.0811, 0.1335],
        [0.1004, 0.2213, 0.1056, 0.1009, 0.1245, 0.1161, 0.0883, 0.1429],
        [0.0690, 0.2154, 0.0833, 0.0692, 0.1453, 0.2068, 0.0960, 0.1150],
        [0.1050, 0.1927, 0.1212, 0.1134, 0.1166, 0.1187, 0.1091, 0.1232],
        [0.1085, 0.1891, 0.1202, 0.1165, 0.1129, 0.1308, 0.1143, 0.1077],
        [0.0903, 0.1786, 0.1121, 0.0949, 0.1157, 0.1693, 0.0961, 0.1430],
        [0.0996, 0.1891, 0.1249, 0.1060, 0.1009, 0.1436, 0.1187, 0.1171],
        [0.1099, 0.1514, 0.1200, 0.1148, 0.1200, 0.1357, 0.1293, 0.1188],
        [0.1086, 0.1544, 0.1150, 0.1112, 0.1124, 0.1532, 0.1168, 0.1284],
        [0.1088, 0.1582, 0.1115, 0.1031, 0.1184, 0.1452, 0.1142, 0.1406],
        [0.1067, 0.1733, 0.1254, 0.1098, 0.1245, 0.1283, 0.1047, 0.1272],
        [0.1058, 0.1712, 0.1242, 0.1095, 0.1297, 0.1269, 0.1078, 0.1251]],
       device='cuda:0', requires_grad=True)
[2022-04-13 13:28:11,467][root][INFO] - alphas-reduce
[2022-04-13 13:28:11,468][root][INFO] - tensor([[0.1015, 0.1401, 0.1231, 0.1058, 0.1111, 0.1880, 0.0954, 0.1351],
        [0.1055, 0.1079, 0.0923, 0.1065, 0.1331, 0.2027, 0.1178, 0.1342],
        [0.1198, 0.1355, 0.1257, 0.1208, 0.1254, 0.1277, 0.1220, 0.1233],
        [0.1173, 0.1295, 0.1193, 0.1235, 0.1372, 0.1211, 0.1284, 0.1238],
        [0.0996, 0.1582, 0.1172, 0.1056, 0.1239, 0.1375, 0.1033, 0.1547],
        [0.1188, 0.1358, 0.1267, 0.1205, 0.1201, 0.1373, 0.1097, 0.1309],
        [0.1225, 0.1389, 0.1302, 0.1206, 0.1182, 0.1279, 0.1223, 0.1193],
        [0.1041, 0.1588, 0.1265, 0.1120, 0.1065, 0.1422, 0.1081, 0.1419],
        [0.1010, 0.1661, 0.1344, 0.1109, 0.1176, 0.1402, 0.1042, 0.1256],
        [0.1224, 0.1314, 0.1234, 0.1243, 0.1177, 0.1301, 0.1275, 0.1232],
        [0.1222, 0.1296, 0.1238, 0.1234, 0.1260, 0.1305, 0.1190, 0.1256],
        [0.1166, 0.1495, 0.1283, 0.1201, 0.1208, 0.1196, 0.1180, 0.1271],
        [0.1110, 0.1527, 0.1289, 0.1161, 0.1161, 0.1280, 0.1223, 0.1249],
        [0.1078, 0.1540, 0.1284, 0.1145, 0.1167, 0.1462, 0.1154, 0.1169]],
       device='cuda:0', requires_grad=True)
[2022-04-13 13:28:11,480][root][INFO] - edges-normal
[2022-04-13 13:28:11,481][root][INFO] - tensor([0.5067, 0.4933, 0.2752, 0.1969, 0.5279, 0.2007, 0.1773, 0.3530, 0.2691,
        0.1539, 0.1779, 0.2320, 0.2154, 0.2207], device='cuda:0',
       requires_grad=True)
[2022-04-13 13:28:11,485][root][INFO] - edges-reduce
[2022-04-13 13:28:11,485][root][INFO] - tensor([0.5497, 0.4503, 0.2800, 0.2742, 0.4458, 0.1953, 0.1606, 0.3081, 0.3360,
        0.1460, 0.1275, 0.2015, 0.2471, 0.2779], device='cuda:0',
       requires_grad=True)
[2022-04-13 13:28:11,490][root][INFO] - genotype = Genotype(normal=[('max_pool_3x3', 0), ('max_pool_3x3', 1), ('max_pool_3x3', 2), ('max_pool_3x3', 0), ('max_pool_3x3', 2), ('max_pool_3x3', 3), ('max_pool_3x3', 4), ('max_pool_3x3', 3)], normal_concat=range(2, 6), reduce=[('sep_conv_5x5', 0), ('sep_conv_5x5', 1), ('max_pool_3x3', 2), ('max_pool_3x3', 0), ('max_pool_3x3', 3), ('max_pool_3x3', 2), ('max_pool_3x3', 4), ('max_pool_3x3', 3)], reduce_concat=range(2, 6))
[2022-04-13 13:28:11,715][root][INFO] - valid 000 3.100514e+00 19.531250 52.343750
[2022-04-13 13:28:22,190][root][INFO] - valid 050 2.920603e+00 26.072304 58.746936
[2022-04-13 13:28:32,592][root][INFO] - valid 100 2.917920e+00 26.485149 58.640161
[2022-04-13 13:28:43,097][root][INFO] - valid 150 2.915831e+00 26.433154 58.521316
[2022-04-13 13:28:52,495][root][INFO] - valid_acc 26.140000
[2022-04-13 13:28:53,888][root][INFO] - epoch 6 lr 9.648882e-02
[2022-04-13 13:28:55,658][root][INFO] - train 000 2.767410e+00 23.437500 63.281250
[2022-04-13 13:30:24,484][root][INFO] - train 050 2.644520e+00 31.479779 63.495711
[2022-04-13 13:31:52,542][root][INFO] - train 100 2.648472e+00 30.870978 63.791770
[2022-04-13 13:33:21,382][root][INFO] - train 150 2.623665e+00 31.513866 64.409147
[2022-04-13 13:34:40,635][root][INFO] - train_acc 31.364000
[2022-04-13 13:34:40,637][root][INFO] - alphas-normal
[2022-04-13 13:34:40,638][root][INFO] - tensor([[0.0254, 0.3760, 0.0131, 0.0139, 0.0969, 0.2337, 0.0834, 0.1575],
        [0.0177, 0.3647, 0.0356, 0.0244, 0.0416, 0.2210, 0.0822, 0.2127],
        [0.0812, 0.2299, 0.0820, 0.0802, 0.1670, 0.1369, 0.0784, 0.1444],
        [0.0966, 0.2203, 0.0989, 0.0954, 0.1294, 0.1199, 0.0867, 0.1527],
        [0.0544, 0.2322, 0.0740, 0.0576, 0.1468, 0.2176, 0.0884, 0.1291],
        [0.1044, 0.1976, 0.1190, 0.1115, 0.1148, 0.1215, 0.1005, 0.1308],
        [0.1042, 0.1997, 0.1225, 0.1184, 0.1119, 0.1346, 0.1085, 0.1002],
        [0.0798, 0.1974, 0.1134, 0.0889, 0.0978, 0.1854, 0.0888, 0.1484],
        [0.0921, 0.2070, 0.1260, 0.1005, 0.0929, 0.1523, 0.1114, 0.1178],
        [0.1071, 0.1519, 0.1194, 0.1128, 0.1193, 0.1406, 0.1306, 0.1183],
        [0.1055, 0.1543, 0.1133, 0.1082, 0.1129, 0.1647, 0.1122, 0.1288],
        [0.1041, 0.1645, 0.1087, 0.0985, 0.1181, 0.1495, 0.1095, 0.1471],
        [0.1017, 0.1791, 0.1218, 0.1053, 0.1279, 0.1358, 0.1003, 0.1280],
        [0.1005, 0.1793, 0.1211, 0.1049, 0.1320, 0.1303, 0.1064, 0.1255]],
       device='cuda:0', requires_grad=True)
[2022-04-13 13:34:40,649][root][INFO] - alphas-reduce
[2022-04-13 13:34:40,649][root][INFO] - tensor([[0.0943, 0.1422, 0.1310, 0.0986, 0.1140, 0.1805, 0.0901, 0.1495],
        [0.0979, 0.1036, 0.0907, 0.0969, 0.1287, 0.2325, 0.1152, 0.1345],
        [0.1166, 0.1370, 0.1310, 0.1199, 0.1243, 0.1261, 0.1203, 0.1247],
        [0.1142, 0.1286, 0.1203, 0.1213, 0.1383, 0.1256, 0.1281, 0.1236],
        [0.0931, 0.1485, 0.1106, 0.0984, 0.1262, 0.1478, 0.0980, 0.1774],
        [0.1176, 0.1378, 0.1291, 0.1205, 0.1184, 0.1400, 0.1065, 0.1301],
        [0.1216, 0.1404, 0.1313, 0.1196, 0.1169, 0.1289, 0.1229, 0.1183],
        [0.1008, 0.1576, 0.1222, 0.1077, 0.1047, 0.1545, 0.1061, 0.1463],
        [0.0958, 0.1698, 0.1311, 0.1058, 0.1178, 0.1447, 0.1016, 0.1335],
        [0.1213, 0.1318, 0.1245, 0.1233, 0.1163, 0.1310, 0.1277, 0.1241],
        [0.1216, 0.1301, 0.1245, 0.1227, 0.1255, 0.1319, 0.1184, 0.1253],
        [0.1153, 0.1512, 0.1282, 0.1187, 0.1215, 0.1201, 0.1169, 0.1280],
        [0.1075, 0.1584, 0.1294, 0.1134, 0.1161, 0.1288, 0.1217, 0.1248],
        [0.1029, 0.1599, 0.1275, 0.1109, 0.1130, 0.1562, 0.1138, 0.1158]],
       device='cuda:0', requires_grad=True)
[2022-04-13 13:34:40,663][root][INFO] - edges-normal
[2022-04-13 13:34:40,664][root][INFO] - tensor([0.5298, 0.4702, 0.2743, 0.1870, 0.5387, 0.1911, 0.1750, 0.3598, 0.2741,
        0.1553, 0.1847, 0.2199, 0.2145, 0.2257], device='cuda:0',
       requires_grad=True)
[2022-04-13 13:34:40,667][root][INFO] - edges-reduce
[2022-04-13 13:34:40,668][root][INFO] - tensor([0.5408, 0.4592, 0.2552, 0.2733, 0.4714, 0.1762, 0.1476, 0.3159, 0.3602,
        0.1364, 0.1104, 0.1983, 0.2590, 0.2958], device='cuda:0',
       requires_grad=True)
[2022-04-13 13:34:40,674][root][INFO] - genotype = Genotype(normal=[('max_pool_3x3', 0), ('max_pool_3x3', 1), ('max_pool_3x3', 2), ('max_pool_3x3', 0), ('max_pool_3x3', 2), ('max_pool_3x3', 3), ('max_pool_3x3', 4), ('max_pool_3x3', 3)], normal_concat=range(2, 6), reduce=[('sep_conv_5x5', 1), ('sep_conv_5x5', 0), ('dil_conv_5x5', 2), ('sep_conv_3x3', 1), ('max_pool_3x3', 3), ('max_pool_3x3', 2), ('max_pool_3x3', 4), ('max_pool_3x3', 3)], reduce_concat=range(2, 6))
[2022-04-13 13:34:40,902][root][INFO] - valid 000 3.239420e+00 20.312500 53.125000
[2022-04-13 13:34:51,348][root][INFO] - valid 050 2.835416e+00 28.017770 60.232843
[2022-04-13 13:35:01,787][root][INFO] - valid 100 2.840314e+00 28.024443 59.800433
[2022-04-13 13:35:12,205][root][INFO] - valid 150 2.840654e+00 27.783526 60.006209
[2022-04-13 13:35:21,515][root][INFO] - valid_acc 27.668000
[2022-04-13 13:35:23,070][root][INFO] - epoch 7 lr 9.524135e-02
[2022-04-13 13:35:24,843][root][INFO] - train 000 2.346241e+00 35.937500 76.562500
[2022-04-13 13:36:53,044][root][INFO] - train 050 2.512048e+00 33.226103 67.325368
[2022-04-13 13:38:21,430][root][INFO] - train 100 2.518182e+00 33.586015 66.963181
[2022-04-13 13:39:48,762][root][INFO] - train 150 2.508907e+00 33.924876 67.192674
[2022-04-13 13:41:08,402][root][INFO] - train_acc 33.948000
[2022-04-13 13:41:08,404][root][INFO] - alphas-normal
[2022-04-13 13:41:08,404][root][INFO] - tensor([[0.0233, 0.4276, 0.0104, 0.0123, 0.1038, 0.2000, 0.0787, 0.1440],
        [0.0130, 0.3429, 0.0285, 0.0192, 0.0369, 0.2661, 0.0888, 0.2045],
        [0.0732, 0.2348, 0.0784, 0.0770, 0.1775, 0.1337, 0.0728, 0.1526],
        [0.0944, 0.2219, 0.0964, 0.0930, 0.1428, 0.1192, 0.0824, 0.1499],
        [0.0447, 0.2305, 0.0651, 0.0488, 0.1596, 0.2388, 0.0755, 0.1370],
        [0.1007, 0.2092, 0.1260, 0.1156, 0.1084, 0.1256, 0.0926, 0.1219],
        [0.1018, 0.2096, 0.1243, 0.1198, 0.1119, 0.1278, 0.1040, 0.1008],
        [0.0741, 0.2091, 0.1174, 0.0865, 0.1008, 0.1876, 0.0819, 0.1425],
        [0.0889, 0.2135, 0.1256, 0.0981, 0.0932, 0.1532, 0.1080, 0.1194],
        [0.1050, 0.1544, 0.1203, 0.1129, 0.1208, 0.1438, 0.1334, 0.1095],
        [0.1042, 0.1482, 0.1090, 0.1040, 0.1133, 0.1736, 0.1123, 0.1353],
        [0.1004, 0.1638, 0.1053, 0.0952, 0.1203, 0.1643, 0.1053, 0.1454],
        [0.0976, 0.1786, 0.1169, 0.1013, 0.1281, 0.1439, 0.0944, 0.1392],
        [0.0953, 0.1789, 0.1161, 0.0997, 0.1431, 0.1343, 0.0999, 0.1327]],
       device='cuda:0', requires_grad=True)
[2022-04-13 13:41:08,419][root][INFO] - alphas-reduce
[2022-04-13 13:41:08,420][root][INFO] - tensor([[0.0900, 0.1402, 0.1294, 0.0902, 0.1286, 0.1756, 0.0882, 0.1579],
        [0.0887, 0.1003, 0.0854, 0.0897, 0.1349, 0.2373, 0.1214, 0.1423],
        [0.1135, 0.1370, 0.1320, 0.1157, 0.1237, 0.1330, 0.1192, 0.1258],
        [0.1110, 0.1289, 0.1181, 0.1163, 0.1413, 0.1329, 0.1265, 0.1250],
        [0.0825, 0.1412, 0.1042, 0.0879, 0.1319, 0.1598, 0.0909, 0.2016],
        [0.1159, 0.1394, 0.1290, 0.1184, 0.1195, 0.1440, 0.1025, 0.1313],
        [0.1209, 0.1431, 0.1320, 0.1194, 0.1179, 0.1300, 0.1216, 0.1152],
        [0.0944, 0.1605, 0.1203, 0.1029, 0.1031, 0.1635, 0.1019, 0.1534],
        [0.0869, 0.1800, 0.1330, 0.0997, 0.1192, 0.1461, 0.0971, 0.1381],
        [0.1200, 0.1328, 0.1243, 0.1222, 0.1162, 0.1316, 0.1274, 0.1256],
        [0.1204, 0.1313, 0.1242, 0.1219, 0.1256, 0.1329, 0.1184, 0.1254],
        [0.1124, 0.1553, 0.1294, 0.1177, 0.1200, 0.1209, 0.1171, 0.1272],
        [0.1013, 0.1686, 0.1325, 0.1098, 0.1140, 0.1310, 0.1190, 0.1237],
        [0.0970, 0.1714, 0.1317, 0.1077, 0.1082, 0.1613, 0.1096, 0.1131]],
       device='cuda:0', requires_grad=True)
[2022-04-13 13:41:08,430][root][INFO] - edges-normal
[2022-04-13 13:41:08,431][root][INFO] - tensor([0.5078, 0.4922, 0.3088, 0.1613, 0.5299, 0.1963, 0.1664, 0.3660, 0.2712,
        0.1478, 0.1619, 0.2162, 0.2267, 0.2475], device='cuda:0',
       requires_grad=True)
[2022-04-13 13:41:08,435][root][INFO] - edges-reduce
[2022-04-13 13:41:08,435][root][INFO] - tensor([0.5575, 0.4425, 0.2562, 0.2422, 0.5016, 0.1643, 0.1324, 0.3134, 0.3899,
        0.1264, 0.1016, 0.1908, 0.2743, 0.3068], device='cuda:0',
       requires_grad=True)
[2022-04-13 13:41:08,440][root][INFO] - genotype = Genotype(normal=[('max_pool_3x3', 0), ('max_pool_3x3', 1), ('sep_conv_5x5', 2), ('max_pool_3x3', 0), ('max_pool_3x3', 2), ('max_pool_3x3', 3), ('max_pool_3x3', 4), ('max_pool_3x3', 3)], normal_concat=range(2, 6), reduce=[('sep_conv_5x5', 1), ('sep_conv_5x5', 0), ('dil_conv_5x5', 2), ('max_pool_3x3', 0), ('max_pool_3x3', 3), ('sep_conv_5x5', 2), ('max_pool_3x3', 4), ('max_pool_3x3', 3)], reduce_concat=range(2, 6))
[2022-04-13 13:41:08,663][root][INFO] - valid 000 2.734102e+00 25.000000 63.281250
[2022-04-13 13:41:18,810][root][INFO] - valid 050 2.698548e+00 30.223652 62.791054
[2022-04-13 13:41:29,322][root][INFO] - valid 100 2.710845e+00 29.896349 62.422649
[2022-04-13 13:41:39,780][root][INFO] - valid 150 2.722505e+00 29.718543 62.246482
[2022-04-13 13:41:49,113][root][INFO] - valid_acc 29.940000
[2022-04-13 13:41:50,883][root][INFO] - epoch 8 lr 9.381533e-02
[2022-04-13 13:41:52,671][root][INFO] - train 000 2.216219e+00 40.625000 76.562500
[2022-04-13 13:43:21,251][root][INFO] - train 050 2.439449e+00 35.202206 68.887868
[2022-04-13 13:44:49,712][root][INFO] - train 100 2.432936e+00 35.635829 68.866027
[2022-04-13 13:46:17,968][root][INFO] - train 150 2.415695e+00 35.730546 69.350166
[2022-04-13 13:47:37,723][root][INFO] - train_acc 36.076000
[2022-04-13 13:47:37,725][root][INFO] - alphas-normal
[2022-04-13 13:47:37,726][root][INFO] - tensor([[0.0224, 0.3766, 0.0073, 0.0099, 0.1092, 0.2091, 0.0881, 0.1775],
        [0.0103, 0.3401, 0.0198, 0.0145, 0.0461, 0.2709, 0.0784, 0.2199],
        [0.0703, 0.2204, 0.0708, 0.0730, 0.2162, 0.1362, 0.0763, 0.1369],
        [0.0927, 0.2191, 0.0910, 0.0894, 0.1517, 0.1236, 0.0820, 0.1505],
        [0.0355, 0.2442, 0.0609, 0.0411, 0.1861, 0.2426, 0.0763, 0.1133],
        [0.0995, 0.2142, 0.1278, 0.1180, 0.1069, 0.1252, 0.0866, 0.1219],
        [0.0996, 0.2189, 0.1247, 0.1211, 0.1048, 0.1328, 0.0959, 0.1022],
        [0.0687, 0.2160, 0.1161, 0.0815, 0.0952, 0.2004, 0.0726, 0.1494],
        [0.0829, 0.2246, 0.1271, 0.0935, 0.0933, 0.1552, 0.1095, 0.1139],
        [0.1018, 0.1490, 0.1157, 0.1092, 0.1224, 0.1507, 0.1396, 0.1116],
        [0.1012, 0.1460, 0.1038, 0.0985, 0.1126, 0.1886, 0.1118, 0.1374],
        [0.0953, 0.1626, 0.1000, 0.0893, 0.1244, 0.1746, 0.1030, 0.1508],
        [0.0917, 0.1868, 0.1177, 0.0970, 0.1285, 0.1468, 0.0889, 0.1426],
        [0.0873, 0.1878, 0.1156, 0.0932, 0.1482, 0.1371, 0.0942, 0.1366]],
       device='cuda:0', requires_grad=True)
[2022-04-13 13:47:37,739][root][INFO] - alphas-reduce
[2022-04-13 13:47:37,740][root][INFO] - tensor([[0.0885, 0.1413, 0.1305, 0.0933, 0.1313, 0.1802, 0.0865, 0.1484],
        [0.0811, 0.0905, 0.0784, 0.0810, 0.1477, 0.2529, 0.1144, 0.1540],
        [0.1106, 0.1331, 0.1314, 0.1180, 0.1244, 0.1373, 0.1205, 0.1247],
        [0.1080, 0.1233, 0.1150, 0.1154, 0.1483, 0.1361, 0.1289, 0.1250],
        [0.0772, 0.1462, 0.0978, 0.0802, 0.1226, 0.1814, 0.0898, 0.2048],
        [0.1155, 0.1382, 0.1284, 0.1173, 0.1202, 0.1474, 0.1012, 0.1318],
        [0.1208, 0.1428, 0.1329, 0.1187, 0.1185, 0.1340, 0.1203, 0.1119],
        [0.0931, 0.1657, 0.1188, 0.1014, 0.0966, 0.1656, 0.1016, 0.1573],
        [0.0801, 0.1815, 0.1283, 0.0930, 0.1250, 0.1552, 0.0938, 0.1431],
        [0.1200, 0.1315, 0.1232, 0.1225, 0.1164, 0.1329, 0.1287, 0.1247],
        [0.1199, 0.1313, 0.1244, 0.1212, 0.1261, 0.1331, 0.1187, 0.1253],
        [0.1115, 0.1563, 0.1279, 0.1164, 0.1193, 0.1230, 0.1191, 0.1264],
        [0.0977, 0.1741, 0.1314, 0.1068, 0.1136, 0.1377, 0.1153, 0.1233],
        [0.0927, 0.1756, 0.1296, 0.1044, 0.1083, 0.1689, 0.1086, 0.1119]],
       device='cuda:0', requires_grad=True)
[2022-04-13 13:47:37,750][root][INFO] - edges-normal
[2022-04-13 13:47:37,751][root][INFO] - tensor([0.4570, 0.5430, 0.2978, 0.1395, 0.5626, 0.1891, 0.1784, 0.3615, 0.2709,
        0.1385, 0.1680, 0.2060, 0.2250, 0.2625], device='cuda:0',
       requires_grad=True)
[2022-04-13 13:47:37,754][root][INFO] - edges-reduce
[2022-04-13 13:47:37,755][root][INFO] - tensor([0.5474, 0.4526, 0.2600, 0.2430, 0.4969, 0.1499, 0.1223, 0.3022, 0.4257,
        0.1106, 0.0950, 0.1881, 0.2868, 0.3196], device='cuda:0',
       requires_grad=True)
[2022-04-13 13:47:37,760][root][INFO] - genotype = Genotype(normal=[('max_pool_3x3', 1), ('max_pool_3x3', 0), ('max_pool_3x3', 2), ('max_pool_3x3', 0), ('max_pool_3x3', 2), ('max_pool_3x3', 3), ('max_pool_3x3', 4), ('max_pool_3x3', 3)], normal_concat=range(2, 6), reduce=[('sep_conv_5x5', 1), ('sep_conv_5x5', 0), ('dil_conv_5x5', 2), ('sep_conv_3x3', 1), ('max_pool_3x3', 3), ('max_pool_3x3', 2), ('max_pool_3x3', 4), ('max_pool_3x3', 3)], reduce_concat=range(2, 6))
[2022-04-13 13:47:37,995][root][INFO] - valid 000 2.702435e+00 29.687500 60.937500
[2022-04-13 13:47:48,470][root][INFO] - valid 050 2.687096e+00 30.882353 64.491422
[2022-04-13 13:47:58,939][root][INFO] - valid 100 2.678599e+00 30.445545 64.526609
[2022-04-13 13:48:09,427][root][INFO] - valid 150 2.680110e+00 30.230753 64.129760
[2022-04-13 13:48:18,819][root][INFO] - valid_acc 30.316000
[2022-04-13 13:48:20,646][root][INFO] - epoch 9 lr 9.221640e-02
[2022-04-13 13:48:22,458][root][INFO] - train 000 2.367721e+00 35.156250 70.312500
[2022-04-13 13:49:50,638][root][INFO] - train 050 2.343849e+00 37.178309 70.618873
[2022-04-13 13:51:18,618][root][INFO] - train 100 2.319008e+00 37.639233 71.132426
[2022-04-13 13:52:47,457][root][INFO] - train 150 2.319058e+00 37.717301 71.367964
[2022-04-13 13:54:06,707][root][INFO] - train_acc 37.528000
[2022-04-13 13:54:06,708][root][INFO] - alphas-normal
[2022-04-13 13:54:06,709][root][INFO] - tensor([[0.0169, 0.3969, 0.0040, 0.0065, 0.1398, 0.2006, 0.0927, 0.1426],
        [0.0086, 0.3784, 0.0162, 0.0117, 0.0380, 0.2609, 0.0733, 0.2130],
