2021-05-27 10:50:05,566 gpu device = 0
2021-05-27 10:50:05,949 args = Namespace(arch_learning_rate=0.0003, batch_size=64, cutout=False, cutout_length=16, cutout_prob=1.0, data='/home/SSD', dataset='cifar10', gpu=0, grad_clip=5, init_channels=16, k=4, learning_rate=0.025, learning_rate_min=0.001, method='dirichlet', momentum=0.9, reg_scale=0.001, reg_type='l2', report_freq=50, save='experiments/nasbench201/dirichlet-search-progressive-exp-20210527-104955-2-pc-4', seed=2, tau_max=10, tau_min=1, train_portion=0.5, unrolled=False, weight_decay=0.0003)
2021-05-27 10:50:13,839 param size = 0.174136MB
2021-05-27 10:50:14,879 epoch 0 lr 2.500000e-02
2021-05-27 10:50:14,947 genotype = Structure(4 nodes with |skip_connect~0|+|nor_conv_3x3~0|nor_conv_1x1~1|+|nor_conv_1x1~0|avg_pool_3x3~1|nor_conv_3x3~2|)
2021-05-27 10:50:14,971 arch-parameters :
tensor([[0.2002, 0.2002, 0.2000, 0.1997, 0.1999],
        [0.1999, 0.2000, 0.1998, 0.2003, 0.2000],
        [0.2003, 0.1995, 0.2004, 0.1999, 0.1999],
        [0.1999, 0.2001, 0.2002, 0.1998, 0.2000],
        [0.1999, 0.1998, 0.2000, 0.2000, 0.2003],
        [0.1999, 0.2002, 0.2001, 0.2002, 0.1997]])
2021-05-27 10:50:14,975 concentration :
tensor([[1.0007, 1.0011, 0.9997, 0.9985, 0.9996],
        [0.9997, 1.0003, 0.9992, 1.0017, 1.0002],
        [1.0015, 0.9975, 1.0021, 0.9998, 0.9995],
        [0.9995, 1.0004, 1.0006, 0.9988, 0.9997],
        [0.9990, 0.9985, 0.9997, 0.9997, 1.0010],
        [1.0001, 1.0015, 1.0012, 1.0017, 0.9991]])
2021-05-27 10:50:16,719 train 000 2.397512e+00 9.375000 40.625000
2021-05-27 10:50:28,887 train 050 2.169558e+00 18.443628 67.769608
2021-05-27 10:50:40,855 train 100 2.129356e+00 20.297029 71.302597
2021-05-27 10:50:52,775 train 150 2.114973e+00 20.395281 72.826988
2021-05-27 10:51:04,811 train 200 2.100075e+00 20.841106 73.810631
2021-05-27 10:51:16,960 train 250 2.094178e+00 21.264940 74.464645
2021-05-27 10:51:29,078 train 300 2.089254e+00 21.361088 74.724876
2021-05-27 10:51:41,204 train 350 2.079519e+00 21.857193 75.360573
2021-05-27 10:51:51,035 train_acc 21.911999
2021-05-27 10:51:51,134 valid 000 2.012074e+00 26.562500 82.812500
2021-05-27 10:51:55,633 valid 050 2.113969e+00 20.526962 74.632355
2021-05-27 10:52:00,108 valid 100 2.093024e+00 21.101484 75.742577
2021-05-27 10:52:04,605 valid 150 2.110264e+00 20.850580 75.517387
2021-05-27 10:52:09,116 valid 200 2.108207e+00 20.981031 75.575249
2021-05-27 10:52:13,614 valid 250 2.108366e+00 21.028387 75.697212
2021-05-27 10:52:18,083 valid 300 2.110852e+00 21.169020 75.581390
2021-05-27 10:52:22,581 valid 350 2.110070e+00 21.185007 75.672188
2021-05-27 10:52:26,154 valid_acc 21.080000
2021-05-27 10:52:26,155 epoch 1 lr 2.498816e-02
2021-05-27 10:52:26,156 genotype = Structure(4 nodes with |skip_connect~0|+|nor_conv_3x3~0|nor_conv_1x1~1|+|nor_conv_1x1~0|avg_pool_3x3~1|nor_conv_3x3~2|)
2021-05-27 10:52:26,158 arch-parameters :
tensor([[0.2002, 0.2002, 0.2000, 0.1997, 0.1999],
        [0.1999, 0.2000, 0.1998, 0.2003, 0.2000],
        [0.2003, 0.1995, 0.2004, 0.1999, 0.1999],
        [0.1999, 0.2001, 0.2002, 0.1998, 0.2000],
        [0.1999, 0.1998, 0.2000, 0.2000, 0.2003],
        [0.1999, 0.2002, 0.2001, 0.2002, 0.1997]])
2021-05-27 10:52:26,159 concentration :
tensor([[1.0007, 1.0011, 0.9997, 0.9985, 0.9996],
        [0.9997, 1.0003, 0.9992, 1.0017, 1.0002],
        [1.0015, 0.9975, 1.0021, 0.9998, 0.9995],
        [0.9995, 1.0004, 1.0006, 0.9988, 0.9997],
        [0.9990, 0.9985, 0.9997, 0.9997, 1.0010],
        [1.0001, 1.0015, 1.0012, 1.0017, 0.9991]])
2021-05-27 10:52:26,502 train 000 1.948138e+00 32.812500 78.125000
2021-05-27 10:52:38,485 train 050 2.047189e+00 23.897060 78.615196
2021-05-27 10:52:50,459 train 100 2.036774e+00 23.715965 78.743813
2021-05-27 10:53:02,550 train 150 2.033674e+00 24.203228 78.673424
2021-05-27 10:53:14,795 train 200 2.030802e+00 24.533581 78.669151
2021-05-27 10:53:28,277 train 250 2.024529e+00 25.056026 78.815987
2021-05-27 10:53:41,774 train 300 2.018964e+00 25.020763 78.898460
2021-05-27 10:53:55,212 train 350 2.016928e+00 25.151354 78.935188
2021-05-27 10:54:05,229 train_acc 25.171999
2021-05-27 10:54:05,319 valid 000 2.085878e+00 26.562500 78.125000
2021-05-27 10:54:09,661 valid 050 2.136748e+00 23.223040 75.674019
2021-05-27 10:54:14,075 valid 100 2.118538e+00 22.880569 76.113861
2021-05-27 10:54:18,480 valid 150 2.168720e+00 23.002897 76.189987
2021-05-27 10:54:22,800 valid 200 2.150060e+00 23.336443 76.274872
2021-05-27 10:54:27,150 valid 250 2.140349e+00 23.331675 76.332176
2021-05-27 10:54:31,558 valid 300 2.127267e+00 23.530937 76.474251
2021-05-27 10:54:35,954 valid 350 2.135080e+00 23.513176 76.362183
2021-05-27 10:54:39,490 valid_acc 23.623999
2021-05-27 10:54:39,491 epoch 2 lr 2.495858e-02
2021-05-27 10:54:39,492 genotype = Structure(4 nodes with |skip_connect~0|+|nor_conv_3x3~0|nor_conv_1x1~1|+|nor_conv_1x1~0|avg_pool_3x3~1|nor_conv_3x3~2|)
2021-05-27 10:54:39,494 arch-parameters :
tensor([[0.2002, 0.2002, 0.2000, 0.1997, 0.1999],
        [0.1999, 0.2000, 0.1998, 0.2003, 0.2000],
        [0.2003, 0.1995, 0.2004, 0.1999, 0.1999],
        [0.1999, 0.2001, 0.2002, 0.1998, 0.2000],
        [0.1999, 0.1998, 0.2000, 0.2000, 0.2003],
        [0.1999, 0.2002, 0.2001, 0.2002, 0.1997]])
2021-05-27 10:54:39,495 concentration :
tensor([[1.0007, 1.0011, 0.9997, 0.9985, 0.9996],
        [0.9997, 1.0003, 0.9992, 1.0017, 1.0002],
        [1.0015, 0.9975, 1.0021, 0.9998, 0.9995],
        [0.9995, 1.0004, 1.0006, 0.9988, 0.9997],
        [0.9990, 0.9985, 0.9997, 0.9997, 1.0010],
        [1.0001, 1.0015, 1.0012, 1.0017, 0.9991]])
2021-05-27 10:54:39,737 train 000 2.055406e+00 23.437500 82.812500
2021-05-27 10:54:51,581 train 050 1.985471e+00 27.113972 80.208336
2021-05-27 10:55:03,424 train 100 1.987492e+00 26.918316 80.043312
2021-05-27 10:55:15,837 train 150 1.986634e+00 26.624586 80.173843
2021-05-27 10:55:29,217 train 200 1.983530e+00 26.671329 80.099503
2021-05-27 10:55:42,920 train 250 1.978685e+00 26.531376 80.316238
2021-05-27 10:55:56,372 train 300 1.977072e+00 26.738995 80.383095
2021-05-27 10:56:09,839 train 350 1.976338e+00 26.762821 80.519943
2021-05-27 10:56:20,653 train_acc 26.831999
2021-05-27 10:56:20,745 valid 000 2.504670e+00 14.062500 71.875000
2021-05-27 10:56:25,199 valid 050 2.117781e+00 21.721815 77.879906
2021-05-27 10:56:29,701 valid 100 2.136241e+00 22.060644 77.568069
2021-05-27 10:56:34,253 valid 150 2.122218e+00 22.102650 77.887001
2021-05-27 10:56:38,795 valid 200 2.102656e+00 22.419153 78.117226
2021-05-27 10:56:43,370 valid 250 2.119978e+00 22.223606 77.795074
2021-05-27 10:56:47,890 valid 300 2.145759e+00 22.233181 77.818726
2021-05-27 10:56:52,417 valid 350 2.136341e+00 22.346867 77.840096
2021-05-27 10:56:56,033 valid_acc 22.288000
2021-05-27 10:56:56,034 epoch 3 lr 2.491720e-02
2021-05-27 10:56:56,036 genotype = Structure(4 nodes with |skip_connect~0|+|nor_conv_3x3~0|nor_conv_1x1~1|+|nor_conv_1x1~0|avg_pool_3x3~1|nor_conv_3x3~2|)
2021-05-27 10:56:56,038 arch-parameters :
tensor([[0.2002, 0.2002, 0.2000, 0.1997, 0.1999],
        [0.1999, 0.2000, 0.1998, 0.2003, 0.2000],
        [0.2003, 0.1995, 0.2004, 0.1999, 0.1999],
        [0.1999, 0.2001, 0.2002, 0.1998, 0.2000],
        [0.1999, 0.1998, 0.2000, 0.2000, 0.2003],
        [0.1999, 0.2002, 0.2001, 0.2002, 0.1997]])
2021-05-27 10:56:56,039 concentration :
tensor([[1.0007, 1.0011, 0.9997, 0.9985, 0.9996],
        [0.9997, 1.0003, 0.9992, 1.0017, 1.0002],
        [1.0015, 0.9975, 1.0021, 0.9998, 0.9995],
        [0.9995, 1.0004, 1.0006, 0.9988, 0.9997],
        [0.9990, 0.9985, 0.9997, 0.9997, 1.0010],
        [1.0001, 1.0015, 1.0012, 1.0017, 0.9991]])
2021-05-27 10:56:56,322 train 000 2.015246e+00 29.687500 81.250000
2021-05-27 10:57:09,725 train 050 1.956894e+00 26.868874 81.985298
2021-05-27 10:57:23,167 train 100 1.949997e+00 27.691832 82.069923
2021-05-27 10:57:36,639 train 150 1.955146e+00 27.276489 81.705299
2021-05-27 10:57:50,151 train 200 1.955791e+00 27.394278 81.724190
2021-05-27 10:58:03,588 train 250 1.957605e+00 27.278387 81.598610
2021-05-27 10:58:17,041 train 300 1.952928e+00 27.304817 81.623749
2021-05-27 10:58:30,402 train 350 1.951651e+00 27.386040 81.579414
2021-05-27 10:58:41,106 train_acc 27.340000
2021-05-27 10:58:41,205 valid 000 1.823955e+00 29.687500 87.500000
2021-05-27 10:58:45,762 valid 050 2.099520e+00 21.844364 77.450981
2021-05-27 10:58:50,265 valid 100 2.183727e+00 21.116955 76.113861
2021-05-27 10:58:54,788 valid 150 2.164291e+00 20.788494 75.848511
2021-05-27 10:58:59,207 valid 200 2.159598e+00 21.276430 76.111626
2021-05-27 10:59:03,634 valid 250 2.156509e+00 21.433018 76.381973
2021-05-27 10:59:08,076 valid 300 2.155312e+00 21.470098 76.500206
2021-05-27 10:59:12,621 valid 350 2.152398e+00 21.505520 76.446762
2021-05-27 10:59:16,256 valid_acc 21.703999
2021-05-27 10:59:16,257 epoch 4 lr 2.486408e-02
2021-05-27 10:59:16,258 genotype = Structure(4 nodes with |skip_connect~0|+|nor_conv_3x3~0|nor_conv_1x1~1|+|nor_conv_1x1~0|avg_pool_3x3~1|nor_conv_3x3~2|)
2021-05-27 10:59:16,260 arch-parameters :
tensor([[0.2002, 0.2002, 0.2000, 0.1997, 0.1999],
        [0.1999, 0.2000, 0.1998, 0.2003, 0.2000],
        [0.2003, 0.1995, 0.2004, 0.1999, 0.1999],
        [0.1999, 0.2001, 0.2002, 0.1998, 0.2000],
        [0.1999, 0.1998, 0.2000, 0.2000, 0.2003],
        [0.1999, 0.2002, 0.2001, 0.2002, 0.1997]])
2021-05-27 10:59:16,261 concentration :
tensor([[1.0007, 1.0011, 0.9997, 0.9985, 0.9996],
        [0.9997, 1.0003, 0.9992, 1.0017, 1.0002],
        [1.0015, 0.9975, 1.0021, 0.9998, 0.9995],
        [0.9995, 1.0004, 1.0006, 0.9988, 0.9997],
        [0.9990, 0.9985, 0.9997, 0.9997, 1.0010],
        [1.0001, 1.0015, 1.0012, 1.0017, 0.9991]])
2021-05-27 10:59:16,540 train 000 1.978537e+00 25.000000 84.375000
2021-05-27 10:59:30,244 train 050 1.933935e+00 27.726717 81.587013
2021-05-27 10:59:43,982 train 100 1.929931e+00 27.862005 81.961632
2021-05-27 10:59:57,653 train 150 1.945920e+00 27.048841 81.425911
2021-05-27 11:00:11,706 train 200 1.949704e+00 27.028917 81.234451
2021-05-27 11:00:25,539 train 250 1.946346e+00 27.016933 81.343376
2021-05-27 11:00:39,136 train 300 1.943429e+00 27.341154 81.545883
2021-05-27 11:00:52,727 train 350 1.938697e+00 27.515135 81.695160
2021-05-27 11:01:03,590 train_acc 27.396000
2021-05-27 11:01:03,683 valid 000 2.331225e+00 15.625000 75.000000
2021-05-27 11:01:08,240 valid 050 2.106343e+00 23.008579 76.868874
2021-05-27 11:01:12,787 valid 100 2.118512e+00 22.679455 75.959160
2021-05-27 11:01:17,363 valid 150 2.121191e+00 22.350994 75.403557
2021-05-27 11:01:21,900 valid 200 2.112715e+00 22.395832 75.699623
2021-05-27 11:01:26,429 valid 250 2.112581e+00 22.204931 75.740791
2021-05-27 11:01:30,974 valid 300 2.113836e+00 22.041113 75.737122
2021-05-27 11:01:35,493 valid 350 2.115061e+00 22.217770 75.779022
2021-05-27 11:01:39,126 valid_acc 22.199999
2021-05-27 11:01:39,127 epoch 5 lr 2.479926e-02
2021-05-27 11:01:39,128 genotype = Structure(4 nodes with |skip_connect~0|+|nor_conv_3x3~0|nor_conv_1x1~1|+|nor_conv_1x1~0|avg_pool_3x3~1|nor_conv_3x3~2|)
2021-05-27 11:01:39,130 arch-parameters :
tensor([[0.2002, 0.2002, 0.2000, 0.1997, 0.1999],
        [0.1999, 0.2000, 0.1998, 0.2003, 0.2000],
        [0.2003, 0.1995, 0.2004, 0.1999, 0.1999],
        [0.1999, 0.2001, 0.2002, 0.1998, 0.2000],
        [0.1999, 0.1998, 0.2000, 0.2000, 0.2003],
        [0.1999, 0.2002, 0.2001, 0.2002, 0.1997]])
2021-05-27 11:01:39,131 concentration :
tensor([[1.0007, 1.0011, 0.9997, 0.9985, 0.9996],
        [0.9997, 1.0003, 0.9992, 1.0017, 1.0002],
        [1.0015, 0.9975, 1.0021, 0.9998, 0.9995],
        [0.9995, 1.0004, 1.0006, 0.9988, 0.9997],
        [0.9990, 0.9985, 0.9997, 0.9997, 1.0010],
        [1.0001, 1.0015, 1.0012, 1.0017, 0.9991]])
2021-05-27 11:01:39,418 train 000 1.876395e+00 29.687500 81.250000
2021-05-27 11:01:52,109 train 050 1.929572e+00 26.317404 82.475494
2021-05-27 11:02:04,182 train 100 1.931814e+00 27.073019 82.131805
2021-05-27 11:02:16,476 train 150 1.928256e+00 27.669703 82.295113
2021-05-27 11:02:28,630 train 200 1.933754e+00 27.433146 81.965172
2021-05-27 11:02:40,593 train 250 1.929842e+00 27.745270 82.115288
2021-05-27 11:02:52,985 train 300 1.932607e+00 27.792774 82.101326
2021-05-27 11:03:06,678 train 350 1.933948e+00 27.782228 82.006767
2021-05-27 11:03:17,658 train_acc 27.883999
2021-05-27 11:03:17,749 valid 000 2.145605e+00 17.187500 81.250000
2021-05-27 11:03:22,214 valid 050 2.066367e+00 22.610294 78.063728
2021-05-27 11:03:26,715 valid 100 2.055511e+00 23.174505 78.496284
2021-05-27 11:03:31,111 valid 150 2.112230e+00 22.733858 77.969788
2021-05-27 11:03:35,506 valid 200 2.104728e+00 22.800062 78.023941
2021-05-27 11:03:39,951 valid 250 2.098718e+00 22.889692 77.938248
2021-05-27 11:03:44,395 valid 300 2.099703e+00 22.996262 77.751244
2021-05-27 11:03:48,835 valid 350 2.098643e+00 22.814280 77.719910
2021-05-27 11:03:52,380 valid_acc 22.671999
2021-05-27 11:03:52,382 epoch 6 lr 2.472281e-02
2021-05-27 11:03:52,383 genotype = Structure(4 nodes with |skip_connect~0|+|nor_conv_3x3~0|nor_conv_1x1~1|+|nor_conv_1x1~0|avg_pool_3x3~1|nor_conv_3x3~2|)
2021-05-27 11:03:52,384 arch-parameters :
tensor([[0.2002, 0.2002, 0.2000, 0.1997, 0.1999],
        [0.1999, 0.2000, 0.1998, 0.2003, 0.2000],
        [0.2003, 0.1995, 0.2004, 0.1999, 0.1999],
        [0.1999, 0.2001, 0.2002, 0.1998, 0.2000],
        [0.1999, 0.1998, 0.2000, 0.2000, 0.2003],
        [0.1999, 0.2002, 0.2001, 0.2002, 0.1997]])
2021-05-27 11:03:52,385 concentration :
tensor([[1.0007, 1.0011, 0.9997, 0.9985, 0.9996],
        [0.9997, 1.0003, 0.9992, 1.0017, 1.0002],
        [1.0015, 0.9975, 1.0021, 0.9998, 0.9995],
        [0.9995, 1.0004, 1.0006, 0.9988, 0.9997],
        [0.9990, 0.9985, 0.9997, 0.9997, 1.0010],
        [1.0001, 1.0015, 1.0012, 1.0017, 0.9991]])
2021-05-27 11:03:52,657 train 000 1.753833e+00 34.375000 89.062500
2021-05-27 11:04:06,005 train 050 1.909993e+00 27.052696 82.567406
2021-05-27 11:04:19,572 train 100 1.915816e+00 27.397896 82.626854
2021-05-27 11:04:32,986 train 150 1.915076e+00 28.000828 82.439980
2021-05-27 11:04:46,587 train 200 1.917299e+00 28.055037 82.151741
2021-05-27 11:04:58,563 train 250 1.920180e+00 27.994274 82.084167
2021-05-27 11:05:10,694 train 300 1.928174e+00 27.756435 81.976746
2021-05-27 11:05:22,707 train 350 1.925968e+00 27.893518 82.051285
2021-05-27 11:05:32,189 train_acc 27.955999
2021-05-27 11:05:32,280 valid 000 1.903993e+00 35.937500 82.812500
2021-05-27 11:05:36,727 valid 050 2.086346e+00 23.529413 77.634804
2021-05-27 11:05:41,201 valid 100 2.085684e+00 23.654083 77.413368
2021-05-27 11:05:45,641 valid 150 2.063780e+00 24.358444 77.990479
2021-05-27 11:05:50,194 valid 200 2.063028e+00 24.261505 77.790733
2021-05-27 11:05:54,625 valid 250 2.060736e+00 24.296564 77.751495
2021-05-27 11:05:59,043 valid 300 2.058836e+00 24.133097 77.891403
2021-05-27 11:06:03,512 valid 350 2.059492e+00 24.029558 77.960289
2021-05-27 11:06:07,148 valid_acc 24.071999
2021-05-27 11:06:07,149 epoch 7 lr 2.463480e-02
2021-05-27 11:06:07,150 genotype = Structure(4 nodes with |skip_connect~0|+|nor_conv_3x3~0|nor_conv_1x1~1|+|nor_conv_1x1~0|avg_pool_3x3~1|nor_conv_3x3~2|)
2021-05-27 11:06:07,152 arch-parameters :
tensor([[0.2002, 0.2002, 0.2000, 0.1997, 0.1999],
        [0.1999, 0.2000, 0.1998, 0.2003, 0.2000],
        [0.2003, 0.1995, 0.2004, 0.1999, 0.1999],
        [0.1999, 0.2001, 0.2002, 0.1998, 0.2000],
        [0.1999, 0.1998, 0.2000, 0.2000, 0.2003],
        [0.1999, 0.2002, 0.2001, 0.2002, 0.1997]])
2021-05-27 11:06:07,153 concentration :
tensor([[1.0007, 1.0011, 0.9997, 0.9985, 0.9996],
        [0.9997, 1.0003, 0.9992, 1.0017, 1.0002],
        [1.0015, 0.9975, 1.0021, 0.9998, 0.9995],
        [0.9995, 1.0004, 1.0006, 0.9988, 0.9997],
        [0.9990, 0.9985, 0.9997, 0.9997, 1.0010],
        [1.0001, 1.0015, 1.0012, 1.0017, 0.9991]])
2021-05-27 11:06:07,401 train 000 1.892084e+00 34.375000 79.687500
2021-05-27 11:06:19,457 train 050 1.908790e+00 27.175245 83.241425
2021-05-27 11:06:31,461 train 100 1.903940e+00 28.032177 83.353958
2021-05-27 11:06:44,520 train 150 1.908647e+00 27.845613 82.978065
2021-05-27 11:06:58,071 train 200 1.911898e+00 28.132772 82.594833
2021-05-27 11:07:10,892 train 250 1.915476e+00 28.056524 82.358070
2021-05-27 11:07:23,019 train 300 1.915841e+00 28.114616 82.231102
2021-05-27 11:07:35,022 train 350 1.913693e+00 28.245192 82.443016
2021-05-27 11:07:44,780 train_acc 28.260000
2021-05-27 11:07:44,876 valid 000 1.996356e+00 28.125000 75.000000
2021-05-27 11:07:49,435 valid 050 2.081633e+00 24.908089 78.125000
2021-05-27 11:07:53,953 valid 100 2.193191e+00 24.582302 78.078590
2021-05-27 11:07:58,497 valid 150 2.180852e+00 24.213575 78.497513
2021-05-27 11:08:03,028 valid 200 2.159428e+00 24.230410 78.949005
2021-05-27 11:08:07,578 valid 250 2.145290e+00 24.097361 78.965393
2021-05-27 11:08:12,144 valid 300 2.152654e+00 24.314783 79.049004
2021-05-27 11:08:16,699 valid 350 2.135572e+00 24.764067 79.389244
2021-05-27 11:08:20,325 valid_acc 24.591999
2021-05-27 11:08:20,326 epoch 8 lr 2.453532e-02
2021-05-27 11:08:20,328 genotype = Structure(4 nodes with |skip_connect~0|+|nor_conv_3x3~0|nor_conv_1x1~1|+|nor_conv_1x1~0|avg_pool_3x3~1|nor_conv_3x3~2|)
2021-05-27 11:08:20,329 arch-parameters :
tensor([[0.2002, 0.2002, 0.2000, 0.1997, 0.1999],
        [0.1999, 0.2000, 0.1998, 0.2003, 0.2000],
        [0.2003, 0.1995, 0.2004, 0.1999, 0.1999],
        [0.1999, 0.2001, 0.2002, 0.1998, 0.2000],
        [0.1999, 0.1998, 0.2000, 0.2000, 0.2003],
        [0.1999, 0.2002, 0.2001, 0.2002, 0.1997]])
2021-05-27 11:08:20,330 concentration :
tensor([[1.0007, 1.0011, 0.9997, 0.9985, 0.9996],
        [0.9997, 1.0003, 0.9992, 1.0017, 1.0002],
        [1.0015, 0.9975, 1.0021, 0.9998, 0.9995],
        [0.9995, 1.0004, 1.0006, 0.9988, 0.9997],
        [0.9990, 0.9985, 0.9997, 0.9997, 1.0010],
        [1.0001, 1.0015, 1.0012, 1.0017, 0.9991]])
2021-05-27 11:08:20,578 train 000 2.222915e+00 28.125000 67.187500
2021-05-27 11:08:32,679 train 050 1.886811e+00 29.932600 83.241425
2021-05-27 11:08:44,705 train 100 1.877957e+00 30.089727 83.725243
2021-05-27 11:08:56,459 train 150 1.891017e+00 29.314983 83.236755
2021-05-27 11:09:08,334 train 200 1.892573e+00 29.081156 83.364426
2021-05-27 11:09:20,249 train 250 1.898053e+00 28.971615 83.098854
2021-05-27 11:09:32,200 train 300 1.900259e+00 29.054193 82.921509
2021-05-27 11:09:44,262 train 350 1.896255e+00 29.273504 83.124107
2021-05-27 11:09:53,791 train_acc 29.203999
2021-05-27 11:09:53,896 valid 000 2.234547e+00 26.562500 70.312500
2021-05-27 11:09:58,297 valid 050 2.011997e+00 24.325981 79.963242
2021-05-27 11:10:02,755 valid 100 2.081506e+00 24.025372 78.573639
2021-05-27 11:10:07,219 valid 150 2.074708e+00 24.379139 78.507866
2021-05-27 11:10:11,630 valid 200 2.060970e+00 24.479166 78.995644
2021-05-27 11:10:16,066 valid 250 2.063261e+00 24.657619 79.046318
2021-05-27 11:10:20,385 valid 300 2.068892e+00 24.636627 79.116486
2021-05-27 11:10:24,703 valid 350 2.073366e+00 24.523682 78.819443
2021-05-27 11:10:28,258 valid_acc 24.364000
2021-05-27 11:10:28,259 epoch 9 lr 2.442447e-02
2021-05-27 11:10:28,260 genotype = Structure(4 nodes with |skip_connect~0|+|nor_conv_3x3~0|nor_conv_1x1~1|+|nor_conv_1x1~0|avg_pool_3x3~1|nor_conv_3x3~2|)
2021-05-27 11:10:28,262 arch-parameters :
tensor([[0.2002, 0.2002, 0.2000, 0.1997, 0.1999],
        [0.1999, 0.2000, 0.1998, 0.2003, 0.2000],
        [0.2003, 0.1995, 0.2004, 0.1999, 0.1999],
        [0.1999, 0.2001, 0.2002, 0.1998, 0.2000],
        [0.1999, 0.1998, 0.2000, 0.2000, 0.2003],
        [0.1999, 0.2002, 0.2001, 0.2002, 0.1997]])
2021-05-27 11:10:28,263 concentration :
tensor([[1.0007, 1.0011, 0.9997, 0.9985, 0.9996],
        [0.9997, 1.0003, 0.9992, 1.0017, 1.0002],
        [1.0015, 0.9975, 1.0021, 0.9998, 0.9995],
        [0.9995, 1.0004, 1.0006, 0.9988, 0.9997],
        [0.9990, 0.9985, 0.9997, 0.9997, 1.0010],
        [1.0001, 1.0015, 1.0012, 1.0017, 0.9991]])
2021-05-27 11:10:28,511 train 000 1.874010e+00 25.000000 78.125000
2021-05-27 11:10:40,442 train 050 1.873048e+00 29.105392 83.149513
2021-05-27 11:10:52,316 train 100 1.879065e+00 29.455444 83.323021
2021-05-27 11:11:04,291 train 150 1.882166e+00 29.304636 83.454056
2021-05-27 11:11:16,205 train 200 1.878091e+00 29.392101 83.613182
2021-05-27 11:11:28,056 train 250 1.875871e+00 29.426046 83.534615
2021-05-27 11:11:39,961 train 300 1.875592e+00 29.391611 83.689781
2021-05-27 11:11:51,615 train 350 1.869823e+00 29.625177 83.916489
2021-05-27 11:12:00,902 train_acc 29.559999
2021-05-27 11:12:00,992 valid 000 1.945755e+00 26.562500 81.250000
2021-05-27 11:12:05,319 valid 050 2.070241e+00 23.131128 78.063728
2021-05-27 11:12:09,708 valid 100 2.104123e+00 22.741337 77.196777
2021-05-27 11:12:14,082 valid 150 2.098007e+00 22.878725 77.297188
2021-05-27 11:12:18,488 valid 200 2.121279e+00 22.784513 77.293221
2021-05-27 11:12:22,918 valid 250 2.114916e+00 22.715389 77.284615
2021-05-27 11:12:27,353 valid 300 2.106713e+00 22.835340 77.528030
2021-05-27 11:12:31,762 valid 350 2.095294e+00 23.210470 77.724358
2021-05-27 11:12:35,253 valid_acc 23.283998
2021-05-27 11:12:35,254 epoch 10 lr 2.430235e-02
2021-05-27 11:12:35,256 genotype = Structure(4 nodes with |skip_connect~0|+|nor_conv_3x3~0|nor_conv_1x1~1|+|nor_conv_1x1~0|avg_pool_3x3~1|nor_conv_3x3~2|)
2021-05-27 11:12:35,257 arch-parameters :
tensor([[0.2002, 0.2002, 0.2000, 0.1997, 0.1999],
        [0.1999, 0.2000, 0.1998, 0.2003, 0.2000],
        [0.2003, 0.1995, 0.2004, 0.1999, 0.1999],
        [0.1999, 0.2001, 0.2002, 0.1998, 0.2000],
        [0.1999, 0.1998, 0.2000, 0.2000, 0.2003],
        [0.1999, 0.2002, 0.2001, 0.2002, 0.1997]])
2021-05-27 11:12:35,259 concentration :
tensor([[1.0007, 1.0011, 0.9997, 0.9985, 0.9996],
        [0.9997, 1.0003, 0.9992, 1.0017, 1.0002],
        [1.0015, 0.9975, 1.0021, 0.9998, 0.9995],
        [0.9995, 1.0004, 1.0006, 0.9988, 0.9997],
        [0.9990, 0.9985, 0.9997, 0.9997, 1.0010],
        [1.0001, 1.0015, 1.0012, 1.0017, 0.9991]])
2021-05-27 11:12:35,688 train 000 1.949187e+00 18.750000 82.812500
2021-05-27 11:12:57,787 train 050 1.873673e+00 29.258579 83.884804
2021-05-27 11:13:18,462 train 100 1.870580e+00 29.532797 84.344055
2021-05-27 11:13:39,119 train 150 1.867110e+00 29.884106 84.137001
2021-05-27 11:13:59,461 train 200 1.868350e+00 29.897387 84.048508
2021-05-27 11:14:19,884 train 250 1.865292e+00 30.110807 83.945473
2021-05-27 11:14:41,265 train 300 1.864425e+00 30.159883 83.892235
2021-05-27 11:15:05,033 train 350 1.866138e+00 30.123753 83.903137
2021-05-27 11:15:24,105 train_acc 30.160000
2021-05-27 11:15:24,195 valid 000 2.345312e+00 21.875000 78.125000
2021-05-27 11:15:28,557 valid 050 2.080059e+00 22.702208 78.584564
2021-05-27 11:15:32,945 valid 100 2.062073e+00 22.648514 79.146042
2021-05-27 11:15:37,324 valid 150 2.081498e+00 22.247517 78.580299
2021-05-27 11:15:41,673 valid 200 2.069255e+00 22.932213 78.723564
2021-05-27 11:15:46,082 valid 250 2.082997e+00 22.976843 78.809761
2021-05-27 11:15:50,482 valid 300 2.091896e+00 23.131229 78.742729
2021-05-27 11:15:54,804 valid 350 2.093362e+00 23.299501 78.823898
2021-05-27 11:15:58,299 valid_acc 23.208000
2021-05-27 11:15:58,300 epoch 11 lr 2.416910e-02
2021-05-27 11:15:58,301 genotype = Structure(4 nodes with |avg_pool_3x3~0|+|avg_pool_3x3~0|avg_pool_3x3~1|+|avg_pool_3x3~0|avg_pool_3x3~1|avg_pool_3x3~2|)
2021-05-27 11:15:58,303 arch-parameters :
tensor([[0.1975, 0.1996, 0.1981, 0.1980, 0.2069],
        [0.1969, 0.1994, 0.1980, 0.1974, 0.2083],
        [0.1985, 0.2002, 0.1979, 0.1980, 0.2054],
        [0.1996, 0.1942, 0.1988, 0.2001, 0.2073],
        [0.1977, 0.1976, 0.1975, 0.1990, 0.2082],
        [0.1968, 0.1990, 0.1995, 0.1980, 0.2066]])
2021-05-27 11:15:58,304 concentration :
tensor([[0.9855, 0.9962, 0.9885, 0.9882, 1.0321],
        [0.9779, 0.9900, 0.9830, 0.9802, 1.0335],
        [0.9910, 0.9996, 0.9880, 0.9884, 1.0251],
        [1.0012, 0.9744, 0.9974, 1.0039, 1.0392],
        [0.9827, 0.9824, 0.9819, 0.9896, 1.0343],
        [0.9823, 0.9931, 0.9955, 0.9882, 1.0307]])
2021-05-27 11:15:58,766 train 000 2.036069e+00 31.250000 82.812500
2021-05-27 11:16:22,296 train 050 1.866112e+00 30.790442 83.854172
2021-05-27 11:16:45,998 train 100 1.870658e+00 30.445543 84.065590
2021-05-27 11:17:09,575 train 150 1.863428e+00 30.556705 83.950745
2021-05-27 11:17:32,749 train 200 1.861000e+00 30.192785 84.134018
2021-05-27 11:17:56,168 train 250 1.854437e+00 30.278885 84.368774
2021-05-27 11:18:17,434 train 300 1.857929e+00 30.211794 84.208885
2021-05-27 11:18:40,566 train 350 1.857402e+00 30.337429 84.161324
2021-05-27 11:18:59,518 train_acc 30.227999
2021-05-27 11:18:59,613 valid 000 1.895548e+00 28.125000 85.937500
2021-05-27 11:19:04,170 valid 050 2.478195e+00 25.612745 78.553925
2021-05-27 11:19:08,737 valid 100 2.337085e+00 25.773514 78.295174
2021-05-27 11:19:13,199 valid 150 2.338010e+00 26.055464 78.342300
2021-05-27 11:19:17,637 valid 200 2.303845e+00 25.909513 78.513680
2021-05-27 11:19:22,151 valid 250 2.261608e+00 25.821714 78.778641
2021-05-27 11:19:26,684 valid 300 2.267829e+00 25.908430 78.680435
2021-05-27 11:19:31,210 valid 350 2.290695e+00 25.730057 78.806091
2021-05-27 11:19:34,843 valid_acc 25.796000
2021-05-27 11:19:34,845 epoch 12 lr 2.402483e-02
2021-05-27 11:19:34,846 genotype = Structure(4 nodes with |avg_pool_3x3~0|+|avg_pool_3x3~0|avg_pool_3x3~1|+|avg_pool_3x3~0|avg_pool_3x3~1|avg_pool_3x3~2|)
2021-05-27 11:19:34,848 arch-parameters :
tensor([[0.1966, 0.2001, 0.1961, 0.1968, 0.2105],
        [0.1945, 0.2003, 0.1964, 0.1960, 0.2127],
        [0.1951, 0.2024, 0.1959, 0.1960, 0.2106],
        [0.1991, 0.1921, 0.1976, 0.1999, 0.2113],
        [0.1956, 0.1971, 0.1957, 0.1986, 0.2129],
        [0.1946, 0.2003, 0.1971, 0.1966, 0.2114]])
2021-05-27 11:19:34,849 concentration :
tensor([[0.9820, 0.9996, 0.9797, 0.9832, 1.0502],
        [0.9636, 0.9923, 0.9730, 0.9710, 1.0524],
        [0.9712, 1.0075, 0.9751, 0.9759, 1.0470],
        [0.9986, 0.9638, 0.9913, 1.0027, 1.0583],
        [0.9694, 0.9768, 0.9697, 0.9842, 1.0536],
        [0.9693, 0.9972, 0.9816, 0.9790, 1.0513]])
2021-05-27 11:19:35,268 train 000 1.913249e+00 32.812500 78.125000
2021-05-27 11:19:56,143 train 050 1.855732e+00 30.759806 84.099266
2021-05-27 11:20:17,092 train 100 1.853583e+00 30.878712 84.204826
2021-05-27 11:20:38,093 train 150 1.847920e+00 30.867136 84.726822
2021-05-27 11:20:58,932 train 200 1.848248e+00 30.550373 84.732582
2021-05-27 11:21:21,663 train 250 1.847819e+00 30.708418 84.704933
2021-05-27 11:21:45,514 train 300 1.851821e+00 30.414244 84.561874
2021-05-27 11:22:09,577 train 350 1.851603e+00 30.332977 84.628738
2021-05-27 11:22:28,336 train_acc 30.420000
2021-05-27 11:22:28,428 valid 000 2.359496e+00 20.312500 70.312500
2021-05-27 11:22:32,868 valid 050 2.140348e+00 22.671570 77.849266
2021-05-27 11:22:37,335 valid 100 2.127262e+00 23.483910 78.403465
2021-05-27 11:22:41,730 valid 150 2.095557e+00 23.934189 79.149422
2021-05-27 11:22:46,171 valid 200 2.097132e+00 23.678482 78.832397
2021-05-27 11:22:50,611 valid 250 2.094333e+00 23.362799 78.778641
2021-05-27 11:22:55,016 valid 300 2.104100e+00 22.928778 78.467606
2021-05-27 11:22:59,411 valid 350 2.103689e+00 22.898861 78.441063
2021-05-27 11:23:02,967 valid_acc 22.952000
2021-05-27 11:23:02,968 epoch 13 lr 2.386969e-02
2021-05-27 11:23:02,969 genotype = Structure(4 nodes with |avg_pool_3x3~0|+|avg_pool_3x3~0|avg_pool_3x3~1|+|avg_pool_3x3~0|avg_pool_3x3~1|avg_pool_3x3~2|)
2021-05-27 11:23:02,971 arch-parameters :
tensor([[0.1943, 0.2006, 0.1931, 0.1947, 0.2174],
        [0.1921, 0.1982, 0.1949, 0.1944, 0.2204],
        [0.1934, 0.2032, 0.1931, 0.1929, 0.2173],
        [0.1989, 0.1861, 0.1960, 0.1998, 0.2191],
        [0.1934, 0.1974, 0.1923, 0.1953, 0.2217],
        [0.1922, 0.2001, 0.1955, 0.1944, 0.2178]])
2021-05-27 11:23:02,972 concentration :
tensor([[0.9698, 1.0011, 0.9635, 0.9715, 1.0815],
        [0.9504, 0.9806, 0.9641, 0.9615, 1.0863],
        [0.9596, 1.0084, 0.9582, 0.9572, 1.0755],
        [1.0006, 0.9361, 0.9861, 1.0050, 1.0973],
        [0.9524, 0.9720, 0.9472, 0.9618, 1.0879],
        [0.9561, 0.9952, 0.9726, 0.9668, 1.0800]])
2021-05-27 11:23:03,446 train 000 1.863233e+00 34.375000 79.687500
2021-05-27 11:23:27,004 train 050 1.829582e+00 32.261032 85.753677
2021-05-27 11:23:50,910 train 100 1.841214e+00 31.636757 85.133041
2021-05-27 11:24:14,408 train 150 1.840786e+00 31.208609 84.954468
2021-05-27 11:24:35,855 train 200 1.849077e+00 30.690298 84.670395
2021-05-27 11:24:56,587 train 250 1.847923e+00 30.895170 84.543083
2021-05-27 11:25:17,310 train 300 1.851876e+00 30.834717 84.489204
2021-05-27 11:25:38,165 train 350 1.848586e+00 30.978455 84.517448
2021-05-27 11:25:55,839 train_acc 31.052000
2021-05-27 11:25:55,963 valid 000 1.985810e+00 26.562500 81.250000
2021-05-27 11:26:00,494 valid 050 2.163674e+00 25.582109 80.208336
2021-05-27 11:26:04,998 valid 100 2.109347e+00 25.742575 80.244431
2021-05-27 11:26:09,499 valid 150 2.110554e+00 25.848511 80.246277
2021-05-27 11:26:14,024 valid 200 2.128696e+00 25.668531 80.270523
2021-05-27 11:26:18,550 valid 250 2.097106e+00 26.176544 80.552788
2021-05-27 11:26:23,046 valid 300 2.109751e+00 25.934385 80.611504
2021-05-27 11:26:27,565 valid 350 2.099171e+00 26.019409 80.720261
2021-05-27 11:26:31,158 valid_acc 25.835999
2021-05-27 11:26:31,160 epoch 14 lr 2.370384e-02
2021-05-27 11:26:31,161 genotype = Structure(4 nodes with |avg_pool_3x3~0|+|avg_pool_3x3~0|avg_pool_3x3~1|+|avg_pool_3x3~0|avg_pool_3x3~1|avg_pool_3x3~2|)
2021-05-27 11:26:31,162 arch-parameters :
tensor([[0.1936, 0.1995, 0.1914, 0.1937, 0.2217],
        [0.1914, 0.1967, 0.1935, 0.1924, 0.2261],
        [0.1933, 0.2022, 0.1925, 0.1917, 0.2203],
        [0.1986, 0.1803, 0.1953, 0.1999, 0.2259],
        [0.1921, 0.1954, 0.1911, 0.1943, 0.2271],
        [0.1909, 0.1980, 0.1953, 0.1947, 0.2211]])
2021-05-27 11:26:31,163 concentration :
tensor([[0.9684, 0.9981, 0.9573, 0.9688, 1.1035],
        [0.9467, 0.9731, 0.9574, 0.9518, 1.1119],
        [0.9603, 1.0041, 0.9561, 0.9522, 1.0903],
        [1.0024, 0.9104, 0.9859, 1.0090, 1.1314],
        [0.9455, 0.9615, 0.9406, 0.9561, 1.1114],
        [0.9537, 0.9888, 0.9755, 0.9722, 1.0994]])
2021-05-27 11:26:31,617 train 000 1.753505e+00 28.125000 85.937500
2021-05-27 11:26:54,613 train 050 1.832967e+00 31.219364 84.528191
2021-05-27 11:27:18,077 train 100 1.841531e+00 31.497524 84.483292
2021-05-27 11:27:40,609 train 150 1.842057e+00 31.405214 84.592300
2021-05-27 11:28:01,227 train 200 1.842478e+00 31.250000 84.709267
2021-05-27 11:28:21,942 train 250 1.831177e+00 31.573706 85.140686
2021-05-27 11:28:42,534 train 300 1.834621e+00 31.504360 84.769516
2021-05-27 11:29:03,275 train 350 1.838395e+00 31.392450 84.610931
2021-05-27 11:29:19,945 train_acc 31.351999
2021-05-27 11:29:20,042 valid 000 1.848948e+00 25.000000 85.937500
2021-05-27 11:29:24,586 valid 050 2.030335e+00 24.877451 79.840691
2021-05-27 11:29:29,143 valid 100 2.058310e+00 24.613243 79.022278
2021-05-27 11:29:33,718 valid 150 2.078789e+00 24.079056 78.456123
2021-05-27 11:29:38,269 valid 200 2.060701e+00 24.214863 78.941231
2021-05-27 11:29:42,821 valid 250 2.058795e+00 24.383717 79.089890
2021-05-27 11:29:47,367 valid 300 2.058557e+00 24.449751 78.955566
2021-05-27 11:29:51,899 valid 350 2.058151e+00 24.399038 78.917381
2021-05-27 11:29:55,515 valid_acc 24.400000
2021-05-27 11:29:55,516 epoch 15 lr 2.352744e-02
2021-05-27 11:29:55,517 genotype = Structure(4 nodes with |avg_pool_3x3~0|+|avg_pool_3x3~0|avg_pool_3x3~1|+|avg_pool_3x3~0|avg_pool_3x3~1|avg_pool_3x3~2|)
2021-05-27 11:29:55,519 arch-parameters :
tensor([[0.1921, 0.2007, 0.1891, 0.1933, 0.2249],
        [0.1904, 0.1966, 0.1923, 0.1915, 0.2291],
        [0.1924, 0.2036, 0.1916, 0.1900, 0.2224],
        [0.1977, 0.1773, 0.1943, 0.2004, 0.2303],
        [0.1893, 0.1960, 0.1888, 0.1933, 0.2326],
        [0.1889, 0.1989, 0.1941, 0.1935, 0.2245]])
2021-05-27 11:29:55,520 concentration :
tensor([[0.9632, 1.0061, 0.9480, 0.9692, 1.1201],
        [0.9439, 0.9747, 0.9534, 0.9491, 1.1272],
        [0.9545, 1.0103, 0.9505, 0.9429, 1.0984],
        [1.0024, 0.8989, 0.9855, 1.0162, 1.1550],
        [0.9287, 0.9619, 0.9267, 0.9487, 1.1322],
        [0.9434, 0.9937, 0.9697, 0.9668, 1.1146]])
2021-05-27 11:29:55,949 train 000 1.854574e+00 28.125000 87.500000
2021-05-27 11:30:17,387 train 050 1.819731e+00 32.689953 85.692406
2021-05-27 11:30:40,080 train 100 1.826141e+00 32.131805 85.225868
2021-05-27 11:31:01,173 train 150 1.827058e+00 31.891556 85.151077
2021-05-27 11:31:21,853 train 200 1.826896e+00 32.004040 85.004662
2021-05-27 11:31:42,408 train 250 1.831400e+00 31.710659 85.016190
2021-05-27 11:32:02,959 train 300 1.832122e+00 31.623753 85.044640
2021-05-27 11:32:23,664 train 350 1.833493e+00 31.432514 85.007126
2021-05-27 11:32:40,255 train_acc 31.359999
2021-05-27 11:32:40,346 valid 000 2.425519e+00 20.312500 64.062500
2021-05-27 11:32:44,747 valid 050 2.066921e+00 23.805147 78.462013
2021-05-27 11:32:49,171 valid 100 2.079343e+00 24.381187 78.032181
2021-05-27 11:32:53,597 valid 150 2.078262e+00 25.051739 78.497513
2021-05-27 11:32:58,033 valid 200 2.074131e+00 25.349813 78.715797
2021-05-27 11:33:02,476 valid 250 2.082338e+00 25.186754 78.486061
2021-05-27 11:33:06,875 valid 300 2.086612e+00 25.311460 78.483177
2021-05-27 11:33:11,276 valid 350 2.112372e+00 25.267094 78.423256
2021-05-27 11:33:14,779 valid_acc 25.251999
2021-05-27 11:33:14,780 epoch 16 lr 2.334065e-02
2021-05-27 11:33:14,782 genotype = Structure(4 nodes with |avg_pool_3x3~0|+|avg_pool_3x3~0|avg_pool_3x3~1|+|avg_pool_3x3~0|avg_pool_3x3~1|avg_pool_3x3~2|)
2021-05-27 11:33:14,784 arch-parameters :
tensor([[0.1912, 0.1969, 0.1883, 0.1945, 0.2291],
        [0.1891, 0.1927, 0.1918, 0.1917, 0.2347],
        [0.1907, 0.2010, 0.1925, 0.1900, 0.2258],
        [0.1974, 0.1716, 0.1943, 0.2019, 0.2348],
        [0.1886, 0.1918, 0.1871, 0.1938, 0.2387],
        [0.1875, 0.1962, 0.1927, 0.1937, 0.2298]])
2021-05-27 11:33:14,785 concentration :
tensor([[0.9601, 0.9891, 0.9459, 0.9766, 1.1402],
        [0.9377, 0.9557, 0.9513, 0.9509, 1.1520],
        [0.9480, 0.9990, 0.9566, 0.9443, 1.1153],
        [1.0086, 0.8771, 0.9928, 1.0316, 1.1825],
        [0.9275, 0.9434, 0.9199, 0.9532, 1.1602],
        [0.9391, 0.9825, 0.9649, 0.9700, 1.1405]])
2021-05-27 11:33:15,199 train 000 1.848801e+00 28.125000 84.375000
2021-05-27 11:33:35,726 train 050 1.849518e+00 30.422794 85.232849
2021-05-27 11:33:56,088 train 100 1.837976e+00 30.646658 85.535271
2021-05-27 11:34:16,346 train 150 1.830977e+00 30.908527 85.958199
2021-05-27 11:34:37,013 train 200 1.833564e+00 30.915733 85.556587
2021-05-27 11:34:57,727 train 250 1.835909e+00 31.019672 85.371017
2021-05-27 11:35:19,106 train 300 1.836430e+00 31.120224 85.205566
2021-05-27 11:35:39,802 train 350 1.833939e+00 31.205484 85.287567
2021-05-27 11:35:56,358 train_acc 31.268000
2021-05-27 11:35:56,449 valid 000 2.043396e+00 25.000000 76.562500
2021-05-27 11:36:00,932 valid 050 2.046563e+00 26.133579 80.208336
2021-05-27 11:36:05,441 valid 100 2.039502e+00 26.129332 80.646660
2021-05-27 11:36:09,942 valid 150 2.056448e+00 25.237997 79.977234
2021-05-27 11:36:14,438 valid 200 2.058147e+00 24.735697 79.982895
2021-05-27 11:36:18,933 valid 250 2.046993e+00 24.912849 80.278885
2021-05-27 11:36:23,433 valid 300 2.058250e+00 24.351120 80.030106
2021-05-27 11:36:27,909 valid 350 2.051822e+00 24.559296 80.070335
2021-05-27 11:36:31,545 valid_acc 24.472000
2021-05-27 11:36:31,546 epoch 17 lr 2.314368e-02
2021-05-27 11:36:31,547 genotype = Structure(4 nodes with |avg_pool_3x3~0|+|avg_pool_3x3~0|avg_pool_3x3~1|+|avg_pool_3x3~0|avg_pool_3x3~1|avg_pool_3x3~2|)
2021-05-27 11:36:31,549 arch-parameters :
tensor([[0.1894, 0.1965, 0.1874, 0.1938, 0.2330],
        [0.1867, 0.1919, 0.1923, 0.1903, 0.2388],
        [0.1893, 0.2005, 0.1915, 0.1908, 0.2279],
        [0.1955, 0.1682, 0.1934, 0.2034, 0.2394],
        [0.1859, 0.1912, 0.1843, 0.1941, 0.2444],
        [0.1856, 0.1952, 0.1924, 0.1932, 0.2336]])
2021-05-27 11:36:31,550 concentration :
tensor([[0.9534, 0.9890, 0.9435, 0.9754, 1.1594],
        [0.9268, 0.9521, 0.9542, 0.9446, 1.1698],
        [0.9420, 0.9978, 0.9529, 0.9494, 1.1259],
        [1.0013, 0.8616, 0.9908, 1.0411, 1.2041],
        [0.9114, 0.9374, 0.9036, 0.9516, 1.1809],
        [0.9312, 0.9791, 0.9652, 0.9693, 1.1584]])
2021-05-27 11:36:31,966 train 000 1.643119e+00 26.562500 90.625000
2021-05-27 11:36:52,712 train 050 1.800070e+00 32.169117 85.876228
2021-05-27 11:37:13,976 train 100 1.809179e+00 32.054455 85.891090
2021-05-27 11:37:35,444 train 150 1.818386e+00 32.346855 85.440811
2021-05-27 11:37:55,803 train 200 1.821435e+00 32.128418 85.331154
2021-05-27 11:38:17,322 train 250 1.823813e+00 31.997013 85.302544
2021-05-27 11:38:40,995 train 300 1.825982e+00 32.018272 85.143272
2021-05-27 11:39:02,180 train 350 1.822531e+00 32.046829 85.260864
2021-05-27 11:39:18,627 train_acc 31.907999
2021-05-27 11:39:18,716 valid 000 2.143863e+00 25.000000 75.000000
2021-05-27 11:39:23,137 valid 050 2.129842e+00 22.334560 77.205887
2021-05-27 11:39:27,506 valid 100 2.105263e+00 22.524752 78.357056
2021-05-27 11:39:31,883 valid 150 2.090434e+00 23.064983 78.818298
2021-05-27 11:39:36,302 valid 200 2.073695e+00 23.701803 79.306587
2021-05-27 11:39:40,663 valid 250 2.062700e+00 24.116037 79.662605
2021-05-27 11:39:45,041 valid 300 2.086550e+00 24.096760 79.474663
2021-05-27 11:39:49,423 valid 350 2.091805e+00 23.998398 79.349182
2021-05-27 11:39:52,914 valid_acc 24.080000
2021-05-27 11:39:52,915 epoch 18 lr 2.293670e-02
2021-05-27 11:39:52,916 genotype = Structure(4 nodes with |avg_pool_3x3~0|+|avg_pool_3x3~0|avg_pool_3x3~1|+|avg_pool_3x3~0|avg_pool_3x3~1|avg_pool_3x3~2|)
2021-05-27 11:39:52,918 arch-parameters :
tensor([[0.1878, 0.1955, 0.1849, 0.1936, 0.2381],
        [0.1853, 0.1912, 0.1900, 0.1892, 0.2444],
        [0.1871, 0.2014, 0.1891, 0.1905, 0.2319],
        [0.1941, 0.1641, 0.1920, 0.2050, 0.2448],
        [0.1833, 0.1894, 0.1818, 0.1953, 0.2502],
        [0.1831, 0.1949, 0.1909, 0.1933, 0.2379]])
2021-05-27 11:39:52,920 concentration :
tensor([[0.9466, 0.9854, 0.9319, 0.9758, 1.1821],
        [0.9193, 0.9486, 0.9427, 0.9385, 1.1926],
        [0.9288, 1.0001, 0.9389, 0.9459, 1.1412],
        [0.9976, 0.8434, 0.9873, 1.0526, 1.2300],
        [0.8993, 0.9294, 0.8920, 0.9585, 1.2051],
        [0.9201, 0.9794, 0.9594, 0.9714, 1.1786]])
2021-05-27 11:39:53,333 train 000 1.887510e+00 26.562500 82.812500
2021-05-27 11:40:17,096 train 050 1.831655e+00 31.403187 85.202209
2021-05-27 11:40:40,909 train 100 1.831177e+00 31.574875 85.426979
2021-05-27 11:41:02,852 train 150 1.826019e+00 31.963989 85.554634
2021-05-27 11:41:23,488 train 200 1.830632e+00 31.545397 85.370026
2021-05-27 11:41:44,194 train 250 1.832717e+00 31.411854 85.252739
2021-05-27 11:42:04,842 train 300 1.834079e+00 31.447258 85.200371
2021-05-27 11:42:25,512 train 350 1.831725e+00 31.530449 85.091705
2021-05-27 11:42:41,972 train_acc 31.552000
2021-05-27 11:42:42,065 valid 000 2.151617e+00 21.875000 79.687500
2021-05-27 11:42:46,477 valid 050 2.090167e+00 25.122549 81.250000
2021-05-27 11:42:50,882 valid 100 2.093513e+00 24.984529 80.383659
2021-05-27 11:42:55,273 valid 150 2.150943e+00 25.558775 80.246277
2021-05-27 11:42:59,662 valid 200 2.139724e+00 25.870646 80.939056
2021-05-27 11:43:04,081 valid 250 2.135506e+00 25.958666 80.559013
2021-05-27 11:43:08,510 valid 300 2.124039e+00 25.700788 80.393478
2021-05-27 11:43:12,901 valid 350 2.129654e+00 25.614317 80.315170
2021-05-27 11:43:16,416 valid_acc 25.559999
2021-05-27 11:43:16,417 epoch 19 lr 2.271993e-02
2021-05-27 11:43:16,418 genotype = Structure(4 nodes with |avg_pool_3x3~0|+|avg_pool_3x3~0|avg_pool_3x3~1|+|avg_pool_3x3~0|avg_pool_3x3~1|avg_pool_3x3~2|)
2021-05-27 11:43:16,420 arch-parameters :
tensor([[0.1841, 0.1938, 0.1851, 0.1942, 0.2429],
        [0.1835, 0.1889, 0.1886, 0.1889, 0.2500],
        [0.1842, 0.1996, 0.1868, 0.1929, 0.2365],
        [0.1906, 0.1600, 0.1895, 0.2090, 0.2508],
        [0.1803, 0.1869, 0.1759, 0.1999, 0.2570],
