2021-10-11 14:22:04,939 args = Namespace(arch_learning_rate=0.006, arch_weight_decay=0.001, batch_size=512, begin=35, cutout=False, cutout_length=16, data='/tmp/cache/', data_dir='/home/SSD/imagenet_search', drop_path_prob=0.3, epochs=50, grad_clip=5, init_channels=16, layers=8, learning_rate=0.5, learning_rate_min=0.0, model_path='saved_models', momentum=0.9, note='try', report_freq=50, save='imagenet-search/search-try-20211011-142203', seed=2021, tmp_data_dir='/home/SSD/', unrolled=False, weight_decay=0.0003, workers=10)
2021-10-11 14:22:17,180 param size = 0.956512MB
2021-10-11 14:22:17,221 Epoch: 0 lr: 4.990139e-01
2021-10-11 14:22:17,222 Warming-up Epoch: 0, LR: 1.000000e-01
2021-10-11 14:22:17,367 genotype = Genotype(normal=[('sep_conv_5x5', 1), ('sep_conv_5x5', 0), ('max_pool_3x3', 2), ('max_pool_3x3', 1), ('dil_conv_3x3', 1), ('sep_conv_3x3', 0), ('dil_conv_3x3', 3), ('max_pool_3x3', 2)], normal_concat=range(2, 6), reduce=[('skip_connect', 0), ('avg_pool_3x3', 1), ('sep_conv_5x5', 2), ('sep_conv_3x3', 0), ('avg_pool_3x3', 2), ('avg_pool_3x3', 1), ('sep_conv_3x3', 2), ('skip_connect', 0)], reduce_concat=range(2, 6))
2021-10-11 14:22:17,368 tensor([[0.1248, 0.1250, 0.1249, 0.1251, 0.1248, 0.1252, 0.1251, 0.1251],
        [0.1249, 0.1247, 0.1251, 0.1251, 0.1251, 0.1251, 0.1251, 0.1250],
        [0.1250, 0.1250, 0.1249, 0.1252, 0.1251, 0.1250, 0.1248, 0.1250],
        [0.1249, 0.1252, 0.1248, 0.1250, 0.1252, 0.1251, 0.1248, 0.1251],
        [0.1250, 0.1251, 0.1251, 0.1248, 0.1248, 0.1251, 0.1251, 0.1250],
        [0.1251, 0.1250, 0.1250, 0.1249, 0.1252, 0.1249, 0.1250, 0.1250],
        [0.1249, 0.1247, 0.1251, 0.1251, 0.1250, 0.1250, 0.1252, 0.1250],
        [0.1250, 0.1250, 0.1251, 0.1250, 0.1251, 0.1250, 0.1250, 0.1248],
        [0.1251, 0.1251, 0.1250, 0.1250, 0.1251, 0.1249, 0.1249, 0.1250],
        [0.1251, 0.1249, 0.1251, 0.1249, 0.1248, 0.1250, 0.1251, 0.1250],
        [0.1250, 0.1250, 0.1250, 0.1249, 0.1252, 0.1249, 0.1250, 0.1249],
        [0.1251, 0.1251, 0.1251, 0.1249, 0.1250, 0.1250, 0.1250, 0.1249],
        [0.1248, 0.1250, 0.1249, 0.1249, 0.1251, 0.1251, 0.1253, 0.1249],
        [0.1250, 0.1250, 0.1248, 0.1251, 0.1251, 0.1249, 0.1251, 0.1252]],
       device='cuda:0', grad_fn=<SoftmaxBackward>)
2021-10-11 14:22:17,457 tensor([[0.1250, 0.1250, 0.1250, 0.1251, 0.1250, 0.1249, 0.1249, 0.1251],
        [0.1251, 0.1249, 0.1252, 0.1248, 0.1250, 0.1250, 0.1250, 0.1251],
        [0.1250, 0.1249, 0.1248, 0.1250, 0.1252, 0.1251, 0.1250, 0.1250],
        [0.1249, 0.1250, 0.1250, 0.1251, 0.1249, 0.1252, 0.1252, 0.1247],
        [0.1250, 0.1248, 0.1249, 0.1251, 0.1249, 0.1252, 0.1250, 0.1250],
        [0.1251, 0.1250, 0.1249, 0.1251, 0.1251, 0.1250, 0.1251, 0.1248],
        [0.1247, 0.1251, 0.1251, 0.1250, 0.1251, 0.1250, 0.1250, 0.1250],
        [0.1250, 0.1249, 0.1252, 0.1250, 0.1250, 0.1249, 0.1251, 0.1249],
        [0.1251, 0.1250, 0.1251, 0.1250, 0.1249, 0.1249, 0.1250, 0.1250],
        [0.1248, 0.1251, 0.1249, 0.1252, 0.1249, 0.1249, 0.1251, 0.1251],
        [0.1250, 0.1249, 0.1251, 0.1252, 0.1248, 0.1250, 0.1249, 0.1251],
        [0.1249, 0.1248, 0.1249, 0.1252, 0.1252, 0.1250, 0.1249, 0.1251],
        [0.1253, 0.1250, 0.1249, 0.1251, 0.1249, 0.1250, 0.1249, 0.1250],
        [0.1250, 0.1249, 0.1250, 0.1250, 0.1250, 0.1248, 0.1250, 0.1251]],
       device='cuda:0', grad_fn=<SoftmaxBackward>)
2021-10-11 14:22:56,989 TRAIN Step: 000 Objs: 6.918740e+00 R1: 0.000000 R5: 0.000000
2021-10-11 14:26:14,698 TRAIN Step: 050 Objs: 6.869028e+00 R1: 0.195312 R5: 1.011029
2021-10-11 14:29:35,409 TRAIN Step: 100 Objs: 6.772524e+00 R1: 0.421566 R5: 1.831296
2021-10-11 14:32:58,254 TRAIN Step: 150 Objs: 6.684306e+00 R1: 0.580764 R5: 2.460161
2021-10-11 14:36:21,922 TRAIN Step: 200 Objs: 6.604226e+00 R1: 0.745297 R5: 3.063783
2021-10-11 14:39:57,175 TRAIN Step: 250 Objs: 6.535436e+00 R1: 0.899959 R5: 3.582663
2021-10-11 14:39:57,654 Train_acc 0.899959
2021-10-11 14:39:57,655 Epoch: 1 lr: 9.940909e-02
2021-10-11 14:39:57,657 Warming-up Epoch: 1, LR: 2.000000e-01
2021-10-11 14:39:57,662 genotype = Genotype(normal=[('sep_conv_5x5', 1), ('sep_conv_5x5', 0), ('max_pool_3x3', 2), ('max_pool_3x3', 1), ('dil_conv_3x3', 1), ('sep_conv_3x3', 0), ('dil_conv_3x3', 3), ('max_pool_3x3', 2)], normal_concat=range(2, 6), reduce=[('skip_connect', 0), ('avg_pool_3x3', 1), ('sep_conv_5x5', 2), ('sep_conv_3x3', 0), ('avg_pool_3x3', 2), ('avg_pool_3x3', 1), ('sep_conv_3x3', 2), ('skip_connect', 0)], reduce_concat=range(2, 6))
2021-10-11 14:39:57,663 tensor([[0.1248, 0.1250, 0.1249, 0.1251, 0.1248, 0.1252, 0.1251, 0.1251],
        [0.1249, 0.1247, 0.1251, 0.1251, 0.1251, 0.1251, 0.1251, 0.1250],
        [0.1250, 0.1250, 0.1249, 0.1252, 0.1251, 0.1250, 0.1248, 0.1250],
        [0.1249, 0.1252, 0.1248, 0.1250, 0.1252, 0.1251, 0.1248, 0.1251],
        [0.1250, 0.1251, 0.1251, 0.1248, 0.1248, 0.1251, 0.1251, 0.1250],
        [0.1251, 0.1250, 0.1250, 0.1249, 0.1252, 0.1249, 0.1250, 0.1250],
        [0.1249, 0.1247, 0.1251, 0.1251, 0.1250, 0.1250, 0.1252, 0.1250],
        [0.1250, 0.1250, 0.1251, 0.1250, 0.1251, 0.1250, 0.1250, 0.1248],
        [0.1251, 0.1251, 0.1250, 0.1250, 0.1251, 0.1249, 0.1249, 0.1250],
        [0.1251, 0.1249, 0.1251, 0.1249, 0.1248, 0.1250, 0.1251, 0.1250],
        [0.1250, 0.1250, 0.1250, 0.1249, 0.1252, 0.1249, 0.1250, 0.1249],
        [0.1251, 0.1251, 0.1251, 0.1249, 0.1250, 0.1250, 0.1250, 0.1249],
        [0.1248, 0.1250, 0.1249, 0.1249, 0.1251, 0.1251, 0.1253, 0.1249],
        [0.1250, 0.1250, 0.1248, 0.1251, 0.1251, 0.1249, 0.1251, 0.1252]],
       device='cuda:0', grad_fn=<SoftmaxBackward>)
2021-10-11 14:39:57,688 tensor([[0.1250, 0.1250, 0.1250, 0.1251, 0.1250, 0.1249, 0.1249, 0.1251],
        [0.1251, 0.1249, 0.1252, 0.1248, 0.1250, 0.1250, 0.1250, 0.1251],
        [0.1250, 0.1249, 0.1248, 0.1250, 0.1252, 0.1251, 0.1250, 0.1250],
        [0.1249, 0.1250, 0.1250, 0.1251, 0.1249, 0.1252, 0.1252, 0.1247],
        [0.1250, 0.1248, 0.1249, 0.1251, 0.1249, 0.1252, 0.1250, 0.1250],
        [0.1251, 0.1250, 0.1249, 0.1251, 0.1251, 0.1250, 0.1251, 0.1248],
        [0.1247, 0.1251, 0.1251, 0.1250, 0.1251, 0.1250, 0.1250, 0.1250],
        [0.1250, 0.1249, 0.1252, 0.1250, 0.1250, 0.1249, 0.1251, 0.1249],
        [0.1251, 0.1250, 0.1251, 0.1250, 0.1249, 0.1249, 0.1250, 0.1250],
        [0.1248, 0.1251, 0.1249, 0.1252, 0.1249, 0.1249, 0.1251, 0.1251],
        [0.1250, 0.1249, 0.1251, 0.1252, 0.1248, 0.1250, 0.1249, 0.1251],
        [0.1249, 0.1248, 0.1249, 0.1252, 0.1252, 0.1250, 0.1249, 0.1251],
        [0.1253, 0.1250, 0.1249, 0.1251, 0.1249, 0.1250, 0.1249, 0.1250],
        [0.1250, 0.1249, 0.1250, 0.1250, 0.1250, 0.1248, 0.1250, 0.1251]],
       device='cuda:0', grad_fn=<SoftmaxBackward>)
2021-10-11 14:40:24,508 TRAIN Step: 000 Objs: 6.140834e+00 R1: 2.148438 R5: 7.031250
2021-10-11 14:43:43,597 TRAIN Step: 050 Objs: 6.208885e+00 R1: 1.616115 R5: 5.648744
2021-10-11 14:47:04,612 TRAIN Step: 100 Objs: 6.156201e+00 R1: 1.651454 R5: 6.172649
2021-10-11 14:50:21,310 TRAIN Step: 150 Objs: 6.110696e+00 R1: 1.849648 R5: 6.691070
2021-10-11 14:53:37,418 TRAIN Step: 200 Objs: 6.071508e+00 R1: 2.049324 R5: 7.214902
2021-10-11 14:57:06,021 TRAIN Step: 250 Objs: 6.035754e+00 R1: 2.187844 R5: 7.671113
2021-10-11 14:57:06,625 Train_acc 2.187844
2021-10-11 14:57:06,627 Epoch: 2 lr: 1.980316e-01
2021-10-11 14:57:06,628 Warming-up Epoch: 2, LR: 3.000000e-01
2021-10-11 14:57:06,632 genotype = Genotype(normal=[('sep_conv_5x5', 1), ('sep_conv_5x5', 0), ('max_pool_3x3', 2), ('max_pool_3x3', 1), ('dil_conv_3x3', 1), ('sep_conv_3x3', 0), ('dil_conv_3x3', 3), ('max_pool_3x3', 2)], normal_concat=range(2, 6), reduce=[('skip_connect', 0), ('avg_pool_3x3', 1), ('sep_conv_5x5', 2), ('sep_conv_3x3', 0), ('avg_pool_3x3', 2), ('avg_pool_3x3', 1), ('sep_conv_3x3', 2), ('skip_connect', 0)], reduce_concat=range(2, 6))
2021-10-11 14:57:06,633 tensor([[0.1248, 0.1250, 0.1249, 0.1251, 0.1248, 0.1252, 0.1251, 0.1251],
        [0.1249, 0.1247, 0.1251, 0.1251, 0.1251, 0.1251, 0.1251, 0.1250],
        [0.1250, 0.1250, 0.1249, 0.1252, 0.1251, 0.1250, 0.1248, 0.1250],
        [0.1249, 0.1252, 0.1248, 0.1250, 0.1252, 0.1251, 0.1248, 0.1251],
        [0.1250, 0.1251, 0.1251, 0.1248, 0.1248, 0.1251, 0.1251, 0.1250],
        [0.1251, 0.1250, 0.1250, 0.1249, 0.1252, 0.1249, 0.1250, 0.1250],
        [0.1249, 0.1247, 0.1251, 0.1251, 0.1250, 0.1250, 0.1252, 0.1250],
        [0.1250, 0.1250, 0.1251, 0.1250, 0.1251, 0.1250, 0.1250, 0.1248],
        [0.1251, 0.1251, 0.1250, 0.1250, 0.1251, 0.1249, 0.1249, 0.1250],
        [0.1251, 0.1249, 0.1251, 0.1249, 0.1248, 0.1250, 0.1251, 0.1250],
        [0.1250, 0.1250, 0.1250, 0.1249, 0.1252, 0.1249, 0.1250, 0.1249],
        [0.1251, 0.1251, 0.1251, 0.1249, 0.1250, 0.1250, 0.1250, 0.1249],
        [0.1248, 0.1250, 0.1249, 0.1249, 0.1251, 0.1251, 0.1253, 0.1249],
        [0.1250, 0.1250, 0.1248, 0.1251, 0.1251, 0.1249, 0.1251, 0.1252]],
       device='cuda:0', grad_fn=<SoftmaxBackward>)
2021-10-11 14:57:06,651 tensor([[0.1250, 0.1250, 0.1250, 0.1251, 0.1250, 0.1249, 0.1249, 0.1251],
        [0.1251, 0.1249, 0.1252, 0.1248, 0.1250, 0.1250, 0.1250, 0.1251],
        [0.1250, 0.1249, 0.1248, 0.1250, 0.1252, 0.1251, 0.1250, 0.1250],
        [0.1249, 0.1250, 0.1250, 0.1251, 0.1249, 0.1252, 0.1252, 0.1247],
        [0.1250, 0.1248, 0.1249, 0.1251, 0.1249, 0.1252, 0.1250, 0.1250],
        [0.1251, 0.1250, 0.1249, 0.1251, 0.1251, 0.1250, 0.1251, 0.1248],
        [0.1247, 0.1251, 0.1251, 0.1250, 0.1251, 0.1250, 0.1250, 0.1250],
        [0.1250, 0.1249, 0.1252, 0.1250, 0.1250, 0.1249, 0.1251, 0.1249],
        [0.1251, 0.1250, 0.1251, 0.1250, 0.1249, 0.1249, 0.1250, 0.1250],
        [0.1248, 0.1251, 0.1249, 0.1252, 0.1249, 0.1249, 0.1251, 0.1251],
        [0.1250, 0.1249, 0.1251, 0.1252, 0.1248, 0.1250, 0.1249, 0.1251],
        [0.1249, 0.1248, 0.1249, 0.1252, 0.1252, 0.1250, 0.1249, 0.1251],
        [0.1253, 0.1250, 0.1249, 0.1251, 0.1249, 0.1250, 0.1249, 0.1250],
        [0.1250, 0.1249, 0.1250, 0.1250, 0.1250, 0.1248, 0.1250, 0.1251]],
       device='cuda:0', grad_fn=<SoftmaxBackward>)
2021-10-11 14:57:26,581 TRAIN Step: 000 Objs: 5.765616e+00 R1: 3.906250 R5: 11.132812
2021-10-11 15:00:37,521 TRAIN Step: 050 Objs: 5.841069e+00 R1: 2.971814 R5: 10.029871
2021-10-11 15:03:55,780 TRAIN Step: 100 Objs: 5.800486e+00 R1: 3.155941 R5: 10.575882
2021-10-11 15:07:16,618 TRAIN Step: 150 Objs: 5.767550e+00 R1: 3.282802 R5: 11.044857
2021-10-11 15:10:40,721 TRAIN Step: 200 Objs: 5.739520e+00 R1: 3.494248 R5: 11.545787
2021-10-11 15:14:08,395 TRAIN Step: 250 Objs: 5.708878e+00 R1: 3.653692 R5: 11.955478
2021-10-11 15:14:08,968 Train_acc 3.653692
2021-10-11 15:14:08,969 Epoch: 3 lr: 2.958664e-01
2021-10-11 15:14:08,970 Warming-up Epoch: 3, LR: 4.000000e-01
2021-10-11 15:14:08,974 genotype = Genotype(normal=[('sep_conv_5x5', 1), ('sep_conv_5x5', 0), ('max_pool_3x3', 2), ('max_pool_3x3', 1), ('dil_conv_3x3', 1), ('sep_conv_3x3', 0), ('dil_conv_3x3', 3), ('max_pool_3x3', 2)], normal_concat=range(2, 6), reduce=[('skip_connect', 0), ('avg_pool_3x3', 1), ('sep_conv_5x5', 2), ('sep_conv_3x3', 0), ('avg_pool_3x3', 2), ('avg_pool_3x3', 1), ('sep_conv_3x3', 2), ('skip_connect', 0)], reduce_concat=range(2, 6))
2021-10-11 15:14:08,976 tensor([[0.1248, 0.1250, 0.1249, 0.1251, 0.1248, 0.1252, 0.1251, 0.1251],
        [0.1249, 0.1247, 0.1251, 0.1251, 0.1251, 0.1251, 0.1251, 0.1250],
        [0.1250, 0.1250, 0.1249, 0.1252, 0.1251, 0.1250, 0.1248, 0.1250],
        [0.1249, 0.1252, 0.1248, 0.1250, 0.1252, 0.1251, 0.1248, 0.1251],
        [0.1250, 0.1251, 0.1251, 0.1248, 0.1248, 0.1251, 0.1251, 0.1250],
        [0.1251, 0.1250, 0.1250, 0.1249, 0.1252, 0.1249, 0.1250, 0.1250],
        [0.1249, 0.1247, 0.1251, 0.1251, 0.1250, 0.1250, 0.1252, 0.1250],
        [0.1250, 0.1250, 0.1251, 0.1250, 0.1251, 0.1250, 0.1250, 0.1248],
        [0.1251, 0.1251, 0.1250, 0.1250, 0.1251, 0.1249, 0.1249, 0.1250],
        [0.1251, 0.1249, 0.1251, 0.1249, 0.1248, 0.1250, 0.1251, 0.1250],
        [0.1250, 0.1250, 0.1250, 0.1249, 0.1252, 0.1249, 0.1250, 0.1249],
        [0.1251, 0.1251, 0.1251, 0.1249, 0.1250, 0.1250, 0.1250, 0.1249],
        [0.1248, 0.1250, 0.1249, 0.1249, 0.1251, 0.1251, 0.1253, 0.1249],
        [0.1250, 0.1250, 0.1248, 0.1251, 0.1251, 0.1249, 0.1251, 0.1252]],
       device='cuda:0', grad_fn=<SoftmaxBackward>)
2021-10-11 15:14:08,995 tensor([[0.1250, 0.1250, 0.1250, 0.1251, 0.1250, 0.1249, 0.1249, 0.1251],
        [0.1251, 0.1249, 0.1252, 0.1248, 0.1250, 0.1250, 0.1250, 0.1251],
        [0.1250, 0.1249, 0.1248, 0.1250, 0.1252, 0.1251, 0.1250, 0.1250],
        [0.1249, 0.1250, 0.1250, 0.1251, 0.1249, 0.1252, 0.1252, 0.1247],
        [0.1250, 0.1248, 0.1249, 0.1251, 0.1249, 0.1252, 0.1250, 0.1250],
        [0.1251, 0.1250, 0.1249, 0.1251, 0.1251, 0.1250, 0.1251, 0.1248],
        [0.1247, 0.1251, 0.1251, 0.1250, 0.1251, 0.1250, 0.1250, 0.1250],
        [0.1250, 0.1249, 0.1252, 0.1250, 0.1250, 0.1249, 0.1251, 0.1249],
        [0.1251, 0.1250, 0.1251, 0.1250, 0.1249, 0.1249, 0.1250, 0.1250],
        [0.1248, 0.1251, 0.1249, 0.1252, 0.1249, 0.1249, 0.1251, 0.1251],
        [0.1250, 0.1249, 0.1251, 0.1252, 0.1248, 0.1250, 0.1249, 0.1251],
        [0.1249, 0.1248, 0.1249, 0.1252, 0.1252, 0.1250, 0.1249, 0.1251],
        [0.1253, 0.1250, 0.1249, 0.1251, 0.1249, 0.1250, 0.1249, 0.1250],
        [0.1250, 0.1249, 0.1250, 0.1250, 0.1250, 0.1248, 0.1250, 0.1251]],
       device='cuda:0', grad_fn=<SoftmaxBackward>)
2021-10-11 15:14:28,791 TRAIN Step: 000 Objs: 5.455127e+00 R1: 5.273438 R5: 15.429688
2021-10-11 15:17:43,293 TRAIN Step: 050 Objs: 5.551796e+00 R1: 4.319853 R5: 13.779105
2021-10-11 15:20:59,593 TRAIN Step: 100 Objs: 5.542666e+00 R1: 4.347153 R5: 14.037361
2021-10-11 15:24:18,156 TRAIN Step: 150 Objs: 5.526376e+00 R1: 4.458558 R5: 14.282388
2021-10-11 15:27:35,912 TRAIN Step: 200 Objs: 5.506287e+00 R1: 4.631141 R5: 14.656211
2021-10-11 15:31:03,632 TRAIN Step: 250 Objs: 5.485126e+00 R1: 4.801080 R5: 15.026889
2021-10-11 15:31:04,199 Train_acc 4.801080
2021-10-11 15:31:04,201 Epoch: 4 lr: 3.929092e-01
2021-10-11 15:31:04,202 Warming-up Epoch: 4, LR: 5.000000e-01
2021-10-11 15:31:04,207 genotype = Genotype(normal=[('sep_conv_5x5', 1), ('sep_conv_5x5', 0), ('max_pool_3x3', 2), ('max_pool_3x3', 1), ('dil_conv_3x3', 1), ('sep_conv_3x3', 0), ('dil_conv_3x3', 3), ('max_pool_3x3', 2)], normal_concat=range(2, 6), reduce=[('skip_connect', 0), ('avg_pool_3x3', 1), ('sep_conv_5x5', 2), ('sep_conv_3x3', 0), ('avg_pool_3x3', 2), ('avg_pool_3x3', 1), ('sep_conv_3x3', 2), ('skip_connect', 0)], reduce_concat=range(2, 6))
2021-10-11 15:31:04,208 tensor([[0.1248, 0.1250, 0.1249, 0.1251, 0.1248, 0.1252, 0.1251, 0.1251],
        [0.1249, 0.1247, 0.1251, 0.1251, 0.1251, 0.1251, 0.1251, 0.1250],
        [0.1250, 0.1250, 0.1249, 0.1252, 0.1251, 0.1250, 0.1248, 0.1250],
        [0.1249, 0.1252, 0.1248, 0.1250, 0.1252, 0.1251, 0.1248, 0.1251],
        [0.1250, 0.1251, 0.1251, 0.1248, 0.1248, 0.1251, 0.1251, 0.1250],
        [0.1251, 0.1250, 0.1250, 0.1249, 0.1252, 0.1249, 0.1250, 0.1250],
        [0.1249, 0.1247, 0.1251, 0.1251, 0.1250, 0.1250, 0.1252, 0.1250],
        [0.1250, 0.1250, 0.1251, 0.1250, 0.1251, 0.1250, 0.1250, 0.1248],
        [0.1251, 0.1251, 0.1250, 0.1250, 0.1251, 0.1249, 0.1249, 0.1250],
        [0.1251, 0.1249, 0.1251, 0.1249, 0.1248, 0.1250, 0.1251, 0.1250],
        [0.1250, 0.1250, 0.1250, 0.1249, 0.1252, 0.1249, 0.1250, 0.1249],
        [0.1251, 0.1251, 0.1251, 0.1249, 0.1250, 0.1250, 0.1250, 0.1249],
        [0.1248, 0.1250, 0.1249, 0.1249, 0.1251, 0.1251, 0.1253, 0.1249],
        [0.1250, 0.1250, 0.1248, 0.1251, 0.1251, 0.1249, 0.1251, 0.1252]],
       device='cuda:0', grad_fn=<SoftmaxBackward>)
2021-10-11 15:31:04,226 tensor([[0.1250, 0.1250, 0.1250, 0.1251, 0.1250, 0.1249, 0.1249, 0.1251],
        [0.1251, 0.1249, 0.1252, 0.1248, 0.1250, 0.1250, 0.1250, 0.1251],
        [0.1250, 0.1249, 0.1248, 0.1250, 0.1252, 0.1251, 0.1250, 0.1250],
        [0.1249, 0.1250, 0.1250, 0.1251, 0.1249, 0.1252, 0.1252, 0.1247],
        [0.1250, 0.1248, 0.1249, 0.1251, 0.1249, 0.1252, 0.1250, 0.1250],
        [0.1251, 0.1250, 0.1249, 0.1251, 0.1251, 0.1250, 0.1251, 0.1248],
        [0.1247, 0.1251, 0.1251, 0.1250, 0.1251, 0.1250, 0.1250, 0.1250],
        [0.1250, 0.1249, 0.1252, 0.1250, 0.1250, 0.1249, 0.1251, 0.1249],
        [0.1251, 0.1250, 0.1251, 0.1250, 0.1249, 0.1249, 0.1250, 0.1250],
        [0.1248, 0.1251, 0.1249, 0.1252, 0.1249, 0.1249, 0.1251, 0.1251],
        [0.1250, 0.1249, 0.1251, 0.1252, 0.1248, 0.1250, 0.1249, 0.1251],
        [0.1249, 0.1248, 0.1249, 0.1252, 0.1252, 0.1250, 0.1249, 0.1251],
        [0.1253, 0.1250, 0.1249, 0.1251, 0.1249, 0.1250, 0.1249, 0.1250],
        [0.1250, 0.1249, 0.1250, 0.1250, 0.1250, 0.1248, 0.1250, 0.1251]],
       device='cuda:0', grad_fn=<SoftmaxBackward>)
2021-10-11 15:31:23,258 TRAIN Step: 000 Objs: 5.262685e+00 R1: 6.835938 R5: 18.164062
2021-10-11 15:34:35,443 TRAIN Step: 050 Objs: 5.375394e+00 R1: 5.748315 R5: 16.973039
2021-10-11 15:37:58,530 TRAIN Step: 100 Objs: 5.363768e+00 R1: 5.724010 R5: 17.059870
2021-10-11 15:41:23,209 TRAIN Step: 150 Objs: 5.352594e+00 R1: 5.821865 R5: 17.298738
2021-10-11 15:44:43,022 TRAIN Step: 200 Objs: 5.337427e+00 R1: 5.937111 R5: 17.473181
2021-10-11 15:48:09,060 TRAIN Step: 250 Objs: 5.318098e+00 R1: 6.058525 R5: 17.838382
2021-10-11 15:48:09,663 Train_acc 6.058525
2021-10-11 15:48:09,664 Epoch: 5 lr: 4.891526e-01
2021-10-11 15:48:09,668 genotype = Genotype(normal=[('sep_conv_5x5', 1), ('sep_conv_5x5', 0), ('max_pool_3x3', 2), ('max_pool_3x3', 1), ('dil_conv_3x3', 1), ('sep_conv_3x3', 0), ('dil_conv_3x3', 3), ('max_pool_3x3', 2)], normal_concat=range(2, 6), reduce=[('skip_connect', 0), ('avg_pool_3x3', 1), ('sep_conv_5x5', 2), ('sep_conv_3x3', 0), ('avg_pool_3x3', 2), ('avg_pool_3x3', 1), ('sep_conv_3x3', 2), ('skip_connect', 0)], reduce_concat=range(2, 6))
2021-10-11 15:48:09,670 tensor([[0.1248, 0.1250, 0.1249, 0.1251, 0.1248, 0.1252, 0.1251, 0.1251],
        [0.1249, 0.1247, 0.1251, 0.1251, 0.1251, 0.1251, 0.1251, 0.1250],
        [0.1250, 0.1250, 0.1249, 0.1252, 0.1251, 0.1250, 0.1248, 0.1250],
        [0.1249, 0.1252, 0.1248, 0.1250, 0.1252, 0.1251, 0.1248, 0.1251],
        [0.1250, 0.1251, 0.1251, 0.1248, 0.1248, 0.1251, 0.1251, 0.1250],
        [0.1251, 0.1250, 0.1250, 0.1249, 0.1252, 0.1249, 0.1250, 0.1250],
        [0.1249, 0.1247, 0.1251, 0.1251, 0.1250, 0.1250, 0.1252, 0.1250],
        [0.1250, 0.1250, 0.1251, 0.1250, 0.1251, 0.1250, 0.1250, 0.1248],
        [0.1251, 0.1251, 0.1250, 0.1250, 0.1251, 0.1249, 0.1249, 0.1250],
        [0.1251, 0.1249, 0.1251, 0.1249, 0.1248, 0.1250, 0.1251, 0.1250],
        [0.1250, 0.1250, 0.1250, 0.1249, 0.1252, 0.1249, 0.1250, 0.1249],
        [0.1251, 0.1251, 0.1251, 0.1249, 0.1250, 0.1250, 0.1250, 0.1249],
        [0.1248, 0.1250, 0.1249, 0.1249, 0.1251, 0.1251, 0.1253, 0.1249],
        [0.1250, 0.1250, 0.1248, 0.1251, 0.1251, 0.1249, 0.1251, 0.1252]],
       device='cuda:0', grad_fn=<SoftmaxBackward>)
2021-10-11 15:48:09,688 tensor([[0.1250, 0.1250, 0.1250, 0.1251, 0.1250, 0.1249, 0.1249, 0.1251],
        [0.1251, 0.1249, 0.1252, 0.1248, 0.1250, 0.1250, 0.1250, 0.1251],
        [0.1250, 0.1249, 0.1248, 0.1250, 0.1252, 0.1251, 0.1250, 0.1250],
        [0.1249, 0.1250, 0.1250, 0.1251, 0.1249, 0.1252, 0.1252, 0.1247],
        [0.1250, 0.1248, 0.1249, 0.1251, 0.1249, 0.1252, 0.1250, 0.1250],
        [0.1251, 0.1250, 0.1249, 0.1251, 0.1251, 0.1250, 0.1251, 0.1248],
        [0.1247, 0.1251, 0.1251, 0.1250, 0.1251, 0.1250, 0.1250, 0.1250],
        [0.1250, 0.1249, 0.1252, 0.1250, 0.1250, 0.1249, 0.1251, 0.1249],
        [0.1251, 0.1250, 0.1251, 0.1250, 0.1249, 0.1249, 0.1250, 0.1250],
        [0.1248, 0.1251, 0.1249, 0.1252, 0.1249, 0.1249, 0.1251, 0.1251],
        [0.1250, 0.1249, 0.1251, 0.1252, 0.1248, 0.1250, 0.1249, 0.1251],
        [0.1249, 0.1248, 0.1249, 0.1252, 0.1252, 0.1250, 0.1249, 0.1251],
        [0.1253, 0.1250, 0.1249, 0.1251, 0.1249, 0.1250, 0.1249, 0.1250],
        [0.1250, 0.1249, 0.1250, 0.1250, 0.1250, 0.1248, 0.1250, 0.1251]],
       device='cuda:0', grad_fn=<SoftmaxBackward>)
2021-10-11 15:48:28,902 TRAIN Step: 000 Objs: 5.234549e+00 R1: 9.179688 R5: 20.898438
2021-10-11 15:51:43,438 TRAIN Step: 050 Objs: 5.184876e+00 R1: 7.483150 R5: 20.174632
2021-10-11 15:55:05,807 TRAIN Step: 100 Objs: 5.174124e+00 R1: 7.435412 R5: 20.322169
2021-10-11 15:58:30,305 TRAIN Step: 150 Objs: 5.154700e+00 R1: 7.526645 R5: 20.661734
2021-10-11 16:01:51,482 TRAIN Step: 200 Objs: 5.146183e+00 R1: 7.562772 R5: 20.861513
2021-10-11 16:05:18,676 TRAIN Step: 250 Objs: 5.134659e+00 R1: 7.589937 R5: 21.061998
2021-10-11 16:05:19,187 Train_acc 7.589937
2021-10-11 16:05:19,189 Epoch: 6 lr: 4.818415e-01
2021-10-11 16:05:19,192 genotype = Genotype(normal=[('sep_conv_5x5', 1), ('sep_conv_5x5', 0), ('max_pool_3x3', 2), ('max_pool_3x3', 1), ('dil_conv_3x3', 1), ('sep_conv_3x3', 0), ('dil_conv_3x3', 3), ('max_pool_3x3', 2)], normal_concat=range(2, 6), reduce=[('skip_connect', 0), ('avg_pool_3x3', 1), ('sep_conv_5x5', 2), ('sep_conv_3x3', 0), ('avg_pool_3x3', 2), ('avg_pool_3x3', 1), ('sep_conv_3x3', 2), ('skip_connect', 0)], reduce_concat=range(2, 6))
2021-10-11 16:05:19,193 tensor([[0.1248, 0.1250, 0.1249, 0.1251, 0.1248, 0.1252, 0.1251, 0.1251],
        [0.1249, 0.1247, 0.1251, 0.1251, 0.1251, 0.1251, 0.1251, 0.1250],
        [0.1250, 0.1250, 0.1249, 0.1252, 0.1251, 0.1250, 0.1248, 0.1250],
        [0.1249, 0.1252, 0.1248, 0.1250, 0.1252, 0.1251, 0.1248, 0.1251],
        [0.1250, 0.1251, 0.1251, 0.1248, 0.1248, 0.1251, 0.1251, 0.1250],
        [0.1251, 0.1250, 0.1250, 0.1249, 0.1252, 0.1249, 0.1250, 0.1250],
        [0.1249, 0.1247, 0.1251, 0.1251, 0.1250, 0.1250, 0.1252, 0.1250],
        [0.1250, 0.1250, 0.1251, 0.1250, 0.1251, 0.1250, 0.1250, 0.1248],
        [0.1251, 0.1251, 0.1250, 0.1250, 0.1251, 0.1249, 0.1249, 0.1250],
        [0.1251, 0.1249, 0.1251, 0.1249, 0.1248, 0.1250, 0.1251, 0.1250],
        [0.1250, 0.1250, 0.1250, 0.1249, 0.1252, 0.1249, 0.1250, 0.1249],
        [0.1251, 0.1251, 0.1251, 0.1249, 0.1250, 0.1250, 0.1250, 0.1249],
        [0.1248, 0.1250, 0.1249, 0.1249, 0.1251, 0.1251, 0.1253, 0.1249],
        [0.1250, 0.1250, 0.1248, 0.1251, 0.1251, 0.1249, 0.1251, 0.1252]],
       device='cuda:0', grad_fn=<SoftmaxBackward>)
2021-10-11 16:05:19,209 tensor([[0.1250, 0.1250, 0.1250, 0.1251, 0.1250, 0.1249, 0.1249, 0.1251],
        [0.1251, 0.1249, 0.1252, 0.1248, 0.1250, 0.1250, 0.1250, 0.1251],
        [0.1250, 0.1249, 0.1248, 0.1250, 0.1252, 0.1251, 0.1250, 0.1250],
        [0.1249, 0.1250, 0.1250, 0.1251, 0.1249, 0.1252, 0.1252, 0.1247],
        [0.1250, 0.1248, 0.1249, 0.1251, 0.1249, 0.1252, 0.1250, 0.1250],
        [0.1251, 0.1250, 0.1249, 0.1251, 0.1251, 0.1250, 0.1251, 0.1248],
        [0.1247, 0.1251, 0.1251, 0.1250, 0.1251, 0.1250, 0.1250, 0.1250],
        [0.1250, 0.1249, 0.1252, 0.1250, 0.1250, 0.1249, 0.1251, 0.1249],
        [0.1251, 0.1250, 0.1251, 0.1250, 0.1249, 0.1249, 0.1250, 0.1250],
        [0.1248, 0.1251, 0.1249, 0.1252, 0.1249, 0.1249, 0.1251, 0.1251],
        [0.1250, 0.1249, 0.1251, 0.1252, 0.1248, 0.1250, 0.1249, 0.1251],
        [0.1249, 0.1248, 0.1249, 0.1252, 0.1252, 0.1250, 0.1249, 0.1251],
        [0.1253, 0.1250, 0.1249, 0.1251, 0.1249, 0.1250, 0.1249, 0.1250],
        [0.1250, 0.1249, 0.1250, 0.1250, 0.1250, 0.1248, 0.1250, 0.1251]],
       device='cuda:0', grad_fn=<SoftmaxBackward>)
2021-10-11 16:05:38,495 TRAIN Step: 000 Objs: 4.950757e+00 R1: 10.351562 R5: 24.023438
2021-10-11 16:08:51,183 TRAIN Step: 050 Objs: 5.030305e+00 R1: 8.708640 R5: 23.000919
2021-10-11 16:12:06,895 TRAIN Step: 100 Objs: 5.022946e+00 R1: 8.647896 R5: 23.122293
2021-10-11 16:15:27,302 TRAIN Step: 150 Objs: 5.014833e+00 R1: 8.826573 R5: 23.239601
2021-10-11 16:18:44,887 TRAIN Step: 200 Objs: 5.011545e+00 R1: 8.874572 R5: 23.317009
2021-10-11 16:22:08,889 TRAIN Step: 250 Objs: 5.001406e+00 R1: 8.966023 R5: 23.524591
2021-10-11 16:22:09,422 Train_acc 8.966023
2021-10-11 16:22:09,424 Epoch: 7 lr: 4.736442e-01
2021-10-11 16:22:09,428 genotype = Genotype(normal=[('sep_conv_5x5', 1), ('sep_conv_5x5', 0), ('max_pool_3x3', 2), ('max_pool_3x3', 1), ('dil_conv_3x3', 1), ('sep_conv_3x3', 0), ('dil_conv_3x3', 3), ('max_pool_3x3', 2)], normal_concat=range(2, 6), reduce=[('skip_connect', 0), ('avg_pool_3x3', 1), ('sep_conv_5x5', 2), ('sep_conv_3x3', 0), ('avg_pool_3x3', 2), ('avg_pool_3x3', 1), ('sep_conv_3x3', 2), ('skip_connect', 0)], reduce_concat=range(2, 6))
2021-10-11 16:22:09,430 tensor([[0.1248, 0.1250, 0.1249, 0.1251, 0.1248, 0.1252, 0.1251, 0.1251],
        [0.1249, 0.1247, 0.1251, 0.1251, 0.1251, 0.1251, 0.1251, 0.1250],
        [0.1250, 0.1250, 0.1249, 0.1252, 0.1251, 0.1250, 0.1248, 0.1250],
        [0.1249, 0.1252, 0.1248, 0.1250, 0.1252, 0.1251, 0.1248, 0.1251],
        [0.1250, 0.1251, 0.1251, 0.1248, 0.1248, 0.1251, 0.1251, 0.1250],
        [0.1251, 0.1250, 0.1250, 0.1249, 0.1252, 0.1249, 0.1250, 0.1250],
        [0.1249, 0.1247, 0.1251, 0.1251, 0.1250, 0.1250, 0.1252, 0.1250],
        [0.1250, 0.1250, 0.1251, 0.1250, 0.1251, 0.1250, 0.1250, 0.1248],
        [0.1251, 0.1251, 0.1250, 0.1250, 0.1251, 0.1249, 0.1249, 0.1250],
        [0.1251, 0.1249, 0.1251, 0.1249, 0.1248, 0.1250, 0.1251, 0.1250],
        [0.1250, 0.1250, 0.1250, 0.1249, 0.1252, 0.1249, 0.1250, 0.1249],
        [0.1251, 0.1251, 0.1251, 0.1249, 0.1250, 0.1250, 0.1250, 0.1249],
        [0.1248, 0.1250, 0.1249, 0.1249, 0.1251, 0.1251, 0.1253, 0.1249],
        [0.1250, 0.1250, 0.1248, 0.1251, 0.1251, 0.1249, 0.1251, 0.1252]],
       device='cuda:0', grad_fn=<SoftmaxBackward>)
2021-10-11 16:22:09,446 tensor([[0.1250, 0.1250, 0.1250, 0.1251, 0.1250, 0.1249, 0.1249, 0.1251],
        [0.1251, 0.1249, 0.1252, 0.1248, 0.1250, 0.1250, 0.1250, 0.1251],
        [0.1250, 0.1249, 0.1248, 0.1250, 0.1252, 0.1251, 0.1250, 0.1250],
        [0.1249, 0.1250, 0.1250, 0.1251, 0.1249, 0.1252, 0.1252, 0.1247],
        [0.1250, 0.1248, 0.1249, 0.1251, 0.1249, 0.1252, 0.1250, 0.1250],
        [0.1251, 0.1250, 0.1249, 0.1251, 0.1251, 0.1250, 0.1251, 0.1248],
        [0.1247, 0.1251, 0.1251, 0.1250, 0.1251, 0.1250, 0.1250, 0.1250],
        [0.1250, 0.1249, 0.1252, 0.1250, 0.1250, 0.1249, 0.1251, 0.1249],
        [0.1251, 0.1250, 0.1251, 0.1250, 0.1249, 0.1249, 0.1250, 0.1250],
        [0.1248, 0.1251, 0.1249, 0.1252, 0.1249, 0.1249, 0.1251, 0.1251],
        [0.1250, 0.1249, 0.1251, 0.1252, 0.1248, 0.1250, 0.1249, 0.1251],
        [0.1249, 0.1248, 0.1249, 0.1252, 0.1252, 0.1250, 0.1249, 0.1251],
        [0.1253, 0.1250, 0.1249, 0.1251, 0.1249, 0.1250, 0.1249, 0.1250],
        [0.1250, 0.1249, 0.1250, 0.1250, 0.1250, 0.1248, 0.1250, 0.1251]],
       device='cuda:0', grad_fn=<SoftmaxBackward>)
2021-10-11 16:22:30,211 TRAIN Step: 000 Objs: 4.846116e+00 R1: 9.179688 R5: 25.195312
2021-10-11 16:25:41,688 TRAIN Step: 050 Objs: 4.899189e+00 R1: 9.765625 R5: 25.111060
2021-10-11 16:29:01,169 TRAIN Step: 100 Objs: 4.901421e+00 R1: 9.943533 R5: 25.286200
2021-10-11 16:32:21,230 TRAIN Step: 150 Objs: 4.902049e+00 R1: 9.874276 R5: 25.335006
2021-10-11 16:35:40,014 TRAIN Step: 200 Objs: 4.902602e+00 R1: 9.882229 R5: 25.350785
2021-10-11 16:39:07,821 TRAIN Step: 250 Objs: 4.896065e+00 R1: 9.950280 R5: 25.520423
2021-10-11 16:39:08,358 Train_acc 9.950280
2021-10-11 16:39:08,360 Epoch: 8 lr: 4.645929e-01
2021-10-11 16:39:08,364 genotype = Genotype(normal=[('sep_conv_5x5', 1), ('sep_conv_5x5', 0), ('max_pool_3x3', 2), ('max_pool_3x3', 1), ('dil_conv_3x3', 1), ('sep_conv_3x3', 0), ('dil_conv_3x3', 3), ('max_pool_3x3', 2)], normal_concat=range(2, 6), reduce=[('skip_connect', 0), ('avg_pool_3x3', 1), ('sep_conv_5x5', 2), ('sep_conv_3x3', 0), ('avg_pool_3x3', 2), ('avg_pool_3x3', 1), ('sep_conv_3x3', 2), ('skip_connect', 0)], reduce_concat=range(2, 6))
2021-10-11 16:39:08,365 tensor([[0.1248, 0.1250, 0.1249, 0.1251, 0.1248, 0.1252, 0.1251, 0.1251],
        [0.1249, 0.1247, 0.1251, 0.1251, 0.1251, 0.1251, 0.1251, 0.1250],
        [0.1250, 0.1250, 0.1249, 0.1252, 0.1251, 0.1250, 0.1248, 0.1250],
        [0.1249, 0.1252, 0.1248, 0.1250, 0.1252, 0.1251, 0.1248, 0.1251],
        [0.1250, 0.1251, 0.1251, 0.1248, 0.1248, 0.1251, 0.1251, 0.1250],
        [0.1251, 0.1250, 0.1250, 0.1249, 0.1252, 0.1249, 0.1250, 0.1250],
        [0.1249, 0.1247, 0.1251, 0.1251, 0.1250, 0.1250, 0.1252, 0.1250],
        [0.1250, 0.1250, 0.1251, 0.1250, 0.1251, 0.1250, 0.1250, 0.1248],
        [0.1251, 0.1251, 0.1250, 0.1250, 0.1251, 0.1249, 0.1249, 0.1250],
        [0.1251, 0.1249, 0.1251, 0.1249, 0.1248, 0.1250, 0.1251, 0.1250],
        [0.1250, 0.1250, 0.1250, 0.1249, 0.1252, 0.1249, 0.1250, 0.1249],
        [0.1251, 0.1251, 0.1251, 0.1249, 0.1250, 0.1250, 0.1250, 0.1249],
        [0.1248, 0.1250, 0.1249, 0.1249, 0.1251, 0.1251, 0.1253, 0.1249],
        [0.1250, 0.1250, 0.1248, 0.1251, 0.1251, 0.1249, 0.1251, 0.1252]],
       device='cuda:0', grad_fn=<SoftmaxBackward>)
2021-10-11 16:39:08,383 tensor([[0.1250, 0.1250, 0.1250, 0.1251, 0.1250, 0.1249, 0.1249, 0.1251],
        [0.1251, 0.1249, 0.1252, 0.1248, 0.1250, 0.1250, 0.1250, 0.1251],
        [0.1250, 0.1249, 0.1248, 0.1250, 0.1252, 0.1251, 0.1250, 0.1250],
        [0.1249, 0.1250, 0.1250, 0.1251, 0.1249, 0.1252, 0.1252, 0.1247],
        [0.1250, 0.1248, 0.1249, 0.1251, 0.1249, 0.1252, 0.1250, 0.1250],
        [0.1251, 0.1250, 0.1249, 0.1251, 0.1251, 0.1250, 0.1251, 0.1248],
        [0.1247, 0.1251, 0.1251, 0.1250, 0.1251, 0.1250, 0.1250, 0.1250],
        [0.1250, 0.1249, 0.1252, 0.1250, 0.1250, 0.1249, 0.1251, 0.1249],
        [0.1251, 0.1250, 0.1251, 0.1250, 0.1249, 0.1249, 0.1250, 0.1250],
        [0.1248, 0.1251, 0.1249, 0.1252, 0.1249, 0.1249, 0.1251, 0.1251],
        [0.1250, 0.1249, 0.1251, 0.1252, 0.1248, 0.1250, 0.1249, 0.1251],
        [0.1249, 0.1248, 0.1249, 0.1252, 0.1252, 0.1250, 0.1249, 0.1251],
        [0.1253, 0.1250, 0.1249, 0.1251, 0.1249, 0.1250, 0.1249, 0.1250],
        [0.1250, 0.1249, 0.1250, 0.1250, 0.1250, 0.1248, 0.1250, 0.1251]],
       device='cuda:0', grad_fn=<SoftmaxBackward>)
2021-10-11 16:39:26,784 TRAIN Step: 000 Objs: 4.926773e+00 R1: 10.937500 R5: 24.218750
2021-10-11 16:42:35,480 TRAIN Step: 050 Objs: 4.833631e+00 R1: 10.765165 R5: 27.075674
2021-10-11 16:45:57,565 TRAIN Step: 100 Objs: 4.838963e+00 R1: 10.452119 R5: 26.939588
2021-10-11 16:49:19,254 TRAIN Step: 150 Objs: 4.833341e+00 R1: 10.592146 R5: 27.105753
2021-10-11 16:52:38,518 TRAIN Step: 200 Objs: 4.827556e+00 R1: 10.705263 R5: 27.118315
2021-10-11 16:56:05,979 TRAIN Step: 250 Objs: 4.828343e+00 R1: 10.695692 R5: 27.063543
2021-10-11 16:56:06,501 Train_acc 10.695692
2021-10-11 16:56:06,503 Epoch: 9 lr: 4.547234e-01
2021-10-11 16:56:06,506 genotype = Genotype(normal=[('sep_conv_5x5', 1), ('sep_conv_5x5', 0), ('max_pool_3x3', 2), ('max_pool_3x3', 1), ('dil_conv_3x3', 1), ('sep_conv_3x3', 0), ('dil_conv_3x3', 3), ('max_pool_3x3', 2)], normal_concat=range(2, 6), reduce=[('skip_connect', 0), ('avg_pool_3x3', 1), ('sep_conv_5x5', 2), ('sep_conv_3x3', 0), ('avg_pool_3x3', 2), ('avg_pool_3x3', 1), ('sep_conv_3x3', 2), ('skip_connect', 0)], reduce_concat=range(2, 6))
2021-10-11 16:56:06,507 tensor([[0.1248, 0.1250, 0.1249, 0.1251, 0.1248, 0.1252, 0.1251, 0.1251],
        [0.1249, 0.1247, 0.1251, 0.1251, 0.1251, 0.1251, 0.1251, 0.1250],
        [0.1250, 0.1250, 0.1249, 0.1252, 0.1251, 0.1250, 0.1248, 0.1250],
        [0.1249, 0.1252, 0.1248, 0.1250, 0.1252, 0.1251, 0.1248, 0.1251],
        [0.1250, 0.1251, 0.1251, 0.1248, 0.1248, 0.1251, 0.1251, 0.1250],
        [0.1251, 0.1250, 0.1250, 0.1249, 0.1252, 0.1249, 0.1250, 0.1250],
        [0.1249, 0.1247, 0.1251, 0.1251, 0.1250, 0.1250, 0.1252, 0.1250],
        [0.1250, 0.1250, 0.1251, 0.1250, 0.1251, 0.1250, 0.1250, 0.1248],
        [0.1251, 0.1251, 0.1250, 0.1250, 0.1251, 0.1249, 0.1249, 0.1250],
        [0.1251, 0.1249, 0.1251, 0.1249, 0.1248, 0.1250, 0.1251, 0.1250],
        [0.1250, 0.1250, 0.1250, 0.1249, 0.1252, 0.1249, 0.1250, 0.1249],
        [0.1251, 0.1251, 0.1251, 0.1249, 0.1250, 0.1250, 0.1250, 0.1249],
        [0.1248, 0.1250, 0.1249, 0.1249, 0.1251, 0.1251, 0.1253, 0.1249],
        [0.1250, 0.1250, 0.1248, 0.1251, 0.1251, 0.1249, 0.1251, 0.1252]],
       device='cuda:0', grad_fn=<SoftmaxBackward>)
2021-10-11 16:56:06,528 tensor([[0.1250, 0.1250, 0.1250, 0.1251, 0.1250, 0.1249, 0.1249, 0.1251],
        [0.1251, 0.1249, 0.1252, 0.1248, 0.1250, 0.1250, 0.1250, 0.1251],
        [0.1250, 0.1249, 0.1248, 0.1250, 0.1252, 0.1251, 0.1250, 0.1250],
        [0.1249, 0.1250, 0.1250, 0.1251, 0.1249, 0.1252, 0.1252, 0.1247],
        [0.1250, 0.1248, 0.1249, 0.1251, 0.1249, 0.1252, 0.1250, 0.1250],
        [0.1251, 0.1250, 0.1249, 0.1251, 0.1251, 0.1250, 0.1251, 0.1248],
        [0.1247, 0.1251, 0.1251, 0.1250, 0.1251, 0.1250, 0.1250, 0.1250],
        [0.1250, 0.1249, 0.1252, 0.1250, 0.1250, 0.1249, 0.1251, 0.1249],
        [0.1251, 0.1250, 0.1251, 0.1250, 0.1249, 0.1249, 0.1250, 0.1250],
        [0.1248, 0.1251, 0.1249, 0.1252, 0.1249, 0.1249, 0.1251, 0.1251],
        [0.1250, 0.1249, 0.1251, 0.1252, 0.1248, 0.1250, 0.1249, 0.1251],
        [0.1249, 0.1248, 0.1249, 0.1252, 0.1252, 0.1250, 0.1249, 0.1251],
        [0.1253, 0.1250, 0.1249, 0.1251, 0.1249, 0.1250, 0.1249, 0.1250],
        [0.1250, 0.1249, 0.1250, 0.1250, 0.1250, 0.1248, 0.1250, 0.1251]],
       device='cuda:0', grad_fn=<SoftmaxBackward>)
2021-10-11 16:56:25,113 TRAIN Step: 000 Objs: 4.636668e+00 R1: 12.109375 R5: 28.515625
2021-10-11 16:59:36,061 TRAIN Step: 050 Objs: 4.736651e+00 R1: 11.385570 R5: 28.396906
2021-10-11 17:02:57,352 TRAIN Step: 100 Objs: 4.739649e+00 R1: 11.529239 R5: 28.382194
2021-10-11 17:06:15,520 TRAIN Step: 150 Objs: 4.749322e+00 R1: 11.359168 R5: 28.306084
2021-10-11 17:09:35,718 TRAIN Step: 200 Objs: 4.750547e+00 R1: 11.367965 R5: 28.249378
2021-10-11 17:12:56,236 TRAIN Step: 250 Objs: 4.751560e+00 R1: 11.388028 R5: 28.349868
2021-10-11 17:12:56,783 Train_acc 11.388028
2021-10-11 17:12:56,785 Epoch: 10 lr: 4.440745e-01
2021-10-11 17:12:56,790 genotype = Genotype(normal=[('sep_conv_5x5', 1), ('sep_conv_5x5', 0), ('max_pool_3x3', 2), ('max_pool_3x3', 1), ('dil_conv_3x3', 1), ('sep_conv_3x3', 0), ('dil_conv_3x3', 3), ('max_pool_3x3', 2)], normal_concat=range(2, 6), reduce=[('skip_connect', 0), ('avg_pool_3x3', 1), ('sep_conv_5x5', 2), ('sep_conv_3x3', 0), ('avg_pool_3x3', 2), ('avg_pool_3x3', 1), ('sep_conv_3x3', 2), ('skip_connect', 0)], reduce_concat=range(2, 6))
2021-10-11 17:12:56,791 tensor([[0.1248, 0.1250, 0.1249, 0.1251, 0.1248, 0.1252, 0.1251, 0.1251],
        [0.1249, 0.1247, 0.1251, 0.1251, 0.1251, 0.1251, 0.1251, 0.1250],
        [0.1250, 0.1250, 0.1249, 0.1252, 0.1251, 0.1250, 0.1248, 0.1250],
        [0.1249, 0.1252, 0.1248, 0.1250, 0.1252, 0.1251, 0.1248, 0.1251],
        [0.1250, 0.1251, 0.1251, 0.1248, 0.1248, 0.1251, 0.1251, 0.1250],
        [0.1251, 0.1250, 0.1250, 0.1249, 0.1252, 0.1249, 0.1250, 0.1250],
        [0.1249, 0.1247, 0.1251, 0.1251, 0.1250, 0.1250, 0.1252, 0.1250],
        [0.1250, 0.1250, 0.1251, 0.1250, 0.1251, 0.1250, 0.1250, 0.1248],
        [0.1251, 0.1251, 0.1250, 0.1250, 0.1251, 0.1249, 0.1249, 0.1250],
        [0.1251, 0.1249, 0.1251, 0.1249, 0.1248, 0.1250, 0.1251, 0.1250],
        [0.1250, 0.1250, 0.1250, 0.1249, 0.1252, 0.1249, 0.1250, 0.1249],
        [0.1251, 0.1251, 0.1251, 0.1249, 0.1250, 0.1250, 0.1250, 0.1249],
        [0.1248, 0.1250, 0.1249, 0.1249, 0.1251, 0.1251, 0.1253, 0.1249],
        [0.1250, 0.1250, 0.1248, 0.1251, 0.1251, 0.1249, 0.1251, 0.1252]],
       device='cuda:0', grad_fn=<SoftmaxBackward>)
2021-10-11 17:12:56,809 tensor([[0.1250, 0.1250, 0.1250, 0.1251, 0.1250, 0.1249, 0.1249, 0.1251],
        [0.1251, 0.1249, 0.1252, 0.1248, 0.1250, 0.1250, 0.1250, 0.1251],
        [0.1250, 0.1249, 0.1248, 0.1250, 0.1252, 0.1251, 0.1250, 0.1250],
        [0.1249, 0.1250, 0.1250, 0.1251, 0.1249, 0.1252, 0.1252, 0.1247],
        [0.1250, 0.1248, 0.1249, 0.1251, 0.1249, 0.1252, 0.1250, 0.1250],
        [0.1251, 0.1250, 0.1249, 0.1251, 0.1251, 0.1250, 0.1251, 0.1248],
        [0.1247, 0.1251, 0.1251, 0.1250, 0.1251, 0.1250, 0.1250, 0.1250],
        [0.1250, 0.1249, 0.1252, 0.1250, 0.1250, 0.1249, 0.1251, 0.1249],
        [0.1251, 0.1250, 0.1251, 0.1250, 0.1249, 0.1249, 0.1250, 0.1250],
        [0.1248, 0.1251, 0.1249, 0.1252, 0.1249, 0.1249, 0.1251, 0.1251],
        [0.1250, 0.1249, 0.1251, 0.1252, 0.1248, 0.1250, 0.1249, 0.1251],
        [0.1249, 0.1248, 0.1249, 0.1252, 0.1252, 0.1250, 0.1249, 0.1251],
        [0.1253, 0.1250, 0.1249, 0.1251, 0.1249, 0.1250, 0.1249, 0.1250],
        [0.1250, 0.1249, 0.1250, 0.1250, 0.1250, 0.1248, 0.1250, 0.1251]],
       device='cuda:0', grad_fn=<SoftmaxBackward>)
2021-10-11 17:13:15,895 TRAIN Step: 000 Objs: 4.677775e+00 R1: 14.257812 R5: 28.125000
2021-10-11 17:16:30,901 TRAIN Step: 050 Objs: 4.700540e+00 R1: 12.055760 R5: 29.254749
2021-10-11 17:19:53,645 TRAIN Step: 100 Objs: 4.700100e+00 R1: 12.184793 R5: 29.339418
2021-10-11 17:23:11,945 TRAIN Step: 150 Objs: 4.699005e+00 R1: 12.166287 R5: 29.378363
2021-10-11 17:26:31,619 TRAIN Step: 200 Objs: 4.698540e+00 R1: 12.056903 R5: 29.355177
2021-10-11 17:29:57,210 TRAIN Step: 250 Objs: 4.699008e+00 R1: 12.006213 R5: 29.363004
2021-10-11 17:29:57,743 Train_acc 12.006213
2021-10-11 17:29:57,745 Epoch: 11 lr: 4.326883e-01
2021-10-11 17:29:57,749 genotype = Genotype(normal=[('sep_conv_5x5', 1), ('sep_conv_5x5', 0), ('max_pool_3x3', 2), ('max_pool_3x3', 1), ('dil_conv_3x3', 1), ('sep_conv_3x3', 0), ('dil_conv_3x3', 3), ('max_pool_3x3', 2)], normal_concat=range(2, 6), reduce=[('skip_connect', 0), ('avg_pool_3x3', 1), ('sep_conv_5x5', 2), ('sep_conv_3x3', 0), ('avg_pool_3x3', 2), ('avg_pool_3x3', 1), ('sep_conv_3x3', 2), ('skip_connect', 0)], reduce_concat=range(2, 6))
2021-10-11 17:29:57,750 tensor([[0.1248, 0.1250, 0.1249, 0.1251, 0.1248, 0.1252, 0.1251, 0.1251],
        [0.1249, 0.1247, 0.1251, 0.1251, 0.1251, 0.1251, 0.1251, 0.1250],
        [0.1250, 0.1250, 0.1249, 0.1252, 0.1251, 0.1250, 0.1248, 0.1250],
        [0.1249, 0.1252, 0.1248, 0.1250, 0.1252, 0.1251, 0.1248, 0.1251],
        [0.1250, 0.1251, 0.1251, 0.1248, 0.1248, 0.1251, 0.1251, 0.1250],
        [0.1251, 0.1250, 0.1250, 0.1249, 0.1252, 0.1249, 0.1250, 0.1250],
        [0.1249, 0.1247, 0.1251, 0.1251, 0.1250, 0.1250, 0.1252, 0.1250],
        [0.1250, 0.1250, 0.1251, 0.1250, 0.1251, 0.1250, 0.1250, 0.1248],
        [0.1251, 0.1251, 0.1250, 0.1250, 0.1251, 0.1249, 0.1249, 0.1250],
        [0.1251, 0.1249, 0.1251, 0.1249, 0.1248, 0.1250, 0.1251, 0.1250],
        [0.1250, 0.1250, 0.1250, 0.1249, 0.1252, 0.1249, 0.1250, 0.1249],
        [0.1251, 0.1251, 0.1251, 0.1249, 0.1250, 0.1250, 0.1250, 0.1249],
        [0.1248, 0.1250, 0.1249, 0.1249, 0.1251, 0.1251, 0.1253, 0.1249],
        [0.1250, 0.1250, 0.1248, 0.1251, 0.1251, 0.1249, 0.1251, 0.1252]],
       device='cuda:0', grad_fn=<SoftmaxBackward>)
2021-10-11 17:29:57,768 tensor([[0.1250, 0.1250, 0.1250, 0.1251, 0.1250, 0.1249, 0.1249, 0.1251],
        [0.1251, 0.1249, 0.1252, 0.1248, 0.1250, 0.1250, 0.1250, 0.1251],
        [0.1250, 0.1249, 0.1248, 0.1250, 0.1252, 0.1251, 0.1250, 0.1250],
        [0.1249, 0.1250, 0.1250, 0.1251, 0.1249, 0.1252, 0.1252, 0.1247],
        [0.1250, 0.1248, 0.1249, 0.1251, 0.1249, 0.1252, 0.1250, 0.1250],
        [0.1251, 0.1250, 0.1249, 0.1251, 0.1251, 0.1250, 0.1251, 0.1248],
        [0.1247, 0.1251, 0.1251, 0.1250, 0.1251, 0.1250, 0.1250, 0.1250],
        [0.1250, 0.1249, 0.1252, 0.1250, 0.1250, 0.1249, 0.1251, 0.1249],
        [0.1251, 0.1250, 0.1251, 0.1250, 0.1249, 0.1249, 0.1250, 0.1250],
        [0.1248, 0.1251, 0.1249, 0.1252, 0.1249, 0.1249, 0.1251, 0.1251],
        [0.1250, 0.1249, 0.1251, 0.1252, 0.1248, 0.1250, 0.1249, 0.1251],
        [0.1249, 0.1248, 0.1249, 0.1252, 0.1252, 0.1250, 0.1249, 0.1251],
        [0.1253, 0.1250, 0.1249, 0.1251, 0.1249, 0.1250, 0.1249, 0.1250],
        [0.1250, 0.1249, 0.1250, 0.1250, 0.1250, 0.1248, 0.1250, 0.1251]],
       device='cuda:0', grad_fn=<SoftmaxBackward>)
2021-10-11 17:30:18,096 TRAIN Step: 000 Objs: 4.607760e+00 R1: 11.523438 R5: 31.054688
2021-10-11 17:33:30,514 TRAIN Step: 050 Objs: 4.628025e+00 R1: 12.480852 R5: 30.671722
