2022-04-13 12:33:19,051 gpu device = 0
2022-04-13 12:33:19,053 args = {'flags': {'readonly': None, 'struct': False}, '_resolver_cache': defaultdict(<class 'dict'>, {}), 'content': {'run': {'s3_bucket': None, 'seed': 2022, 'data': '/home/chatzimichailid/darts/AutoML_rebuttal/gaea_release/cnn/datka', 'dataset': 'cifar10', 'epochs': 50, 'scheduler_epochs': 50, 'n_threads_data': 0, 'autodl': '/home/chatzimichailid/darts/AutoML_rebuttal/gaea_release/cnn/code/AutoDL', 'report_freq': 50, 'test_code': False, 'gpu': 0}, 'search': {'single_level': False, 'exclude_zero': False, 'track_running_stats': True, 'method': 'eedarts', 'search_space': 'pcdarts', 'nodes': 4, 'arch_grad_clip': None, 'train_portion': 0.5, 'arch_learning_rate': 0.1, 'edge_learning_rate': 0.1, 'discrete': False, 'adapt_lr': False, 'arch_weight_decay': 0.0, 'gd': False, 'learn_edges': True, 'trace_norm': 8}, 'train': {'scheduler': 'cosine', 'lr_anneal_cycles': 1, 'smooth_cross_entropy': False, 'batch_size': 256, 'learning_rate': 0.1, 'learning_rate_min': 0.0, 'momentum': 0.9, 'weight_decay': 0.0003, 'init_channels': 16, 'layers': 8, 'cutout': False, 'auxiliary': False, 'auxiliary_weight': 0.4, 'drop_path_prob': 0, 'grad_clip': 5}}, 'parent': None}
2022-04-13 12:37:09,042 gpu device = 0
2022-04-13 12:37:09,043 args = {'flags': {'readonly': None, 'struct': False}, '_resolver_cache': defaultdict(<class 'dict'>, {}), 'content': {'run': {'s3_bucket': None, 'seed': 2022, 'data': '/home/chatzimichailid/darts/AutoML_rebuttal/gaea_release/cnn/datka', 'dataset': 'cifar10', 'epochs': 50, 'scheduler_epochs': 50, 'n_threads_data': 0, 'autodl': '/home/chatzimichailid/darts/AutoML_rebuttal/gaea_release/cnn/code/AutoDL', 'report_freq': 50, 'test_code': False, 'gpu': 0}, 'search': {'single_level': False, 'exclude_zero': False, 'track_running_stats': True, 'method': 'eedarts', 'search_space': 'pcdarts', 'nodes': 4, 'arch_grad_clip': None, 'train_portion': 0.5, 'arch_learning_rate': 0.1, 'edge_learning_rate': 0.1, 'discrete': False, 'adapt_lr': False, 'arch_weight_decay': 0.0, 'gd': False, 'learn_edges': True, 'trace_norm': 8}, 'train': {'scheduler': 'cosine', 'lr_anneal_cycles': 1, 'smooth_cross_entropy': False, 'batch_size': 256, 'learning_rate': 0.1, 'learning_rate_min': 0.0, 'momentum': 0.9, 'weight_decay': 0.0003, 'init_channels': 16, 'layers': 8, 'cutout': False, 'auxiliary': False, 'auxiliary_weight': 0.4, 'drop_path_prob': 0, 'grad_clip': 5}}, 'parent': None}
2022-04-13 12:37:18,273 param size = 0.299578MB
2022-04-13 12:37:18,405 [Errno 2] No such file or directory: '/home/chatzimichailid/darts/AutoML_rebuttal/gaea_release/cnn/data/search-pcdarts-eedarts-cifar10-2022/model.ckpt'
2022-04-13 12:37:18,406 epoch 0 lr 1.000000e-01
2022-04-13 12:37:51,569 gpu device = 0
2022-04-13 12:37:51,570 args = {'flags': {'readonly': None, 'struct': False}, '_resolver_cache': defaultdict(<class 'dict'>, {}), 'content': {'run': {'s3_bucket': None, 'seed': 2022, 'data': '/home/chatzimichailid/darts/AutoML_rebuttal/gaea_release/cnn/datka', 'dataset': 'cifar10', 'epochs': 50, 'scheduler_epochs': 50, 'n_threads_data': 0, 'autodl': '/home/chatzimichailid/darts/AutoML_rebuttal/gaea_release/cnn/code/AutoDL', 'report_freq': 50, 'test_code': False, 'gpu': 0}, 'search': {'single_level': False, 'exclude_zero': False, 'track_running_stats': True, 'method': 'eedarts', 'search_space': 'pcdarts', 'nodes': 4, 'arch_grad_clip': None, 'train_portion': 0.5, 'arch_learning_rate': 0.1, 'edge_learning_rate': 0.1, 'discrete': False, 'adapt_lr': False, 'arch_weight_decay': 0.0, 'gd': False, 'learn_edges': True, 'trace_norm': 8}, 'train': {'scheduler': 'cosine', 'lr_anneal_cycles': 1, 'smooth_cross_entropy': False, 'batch_size': 128, 'learning_rate': 0.1, 'learning_rate_min': 0.0, 'momentum': 0.9, 'weight_decay': 0.0003, 'init_channels': 16, 'layers': 8, 'cutout': False, 'auxiliary': False, 'auxiliary_weight': 0.4, 'drop_path_prob': 0, 'grad_clip': 5}}, 'parent': None}
2022-04-13 12:37:56,899 param size = 0.299578MB
2022-04-13 12:37:56,926 [Errno 2] No such file or directory: '/home/chatzimichailid/darts/AutoML_rebuttal/gaea_release/cnn/data/search-pcdarts-eedarts-cifar10-2022/model.ckpt'
2022-04-13 12:37:56,927 epoch 0 lr 1.000000e-01
2022-04-13 12:37:59,573 train 000 2.311929e+00 10.937500 50.781250
2022-04-13 12:39:26,661 train 050 1.891946e+00 28.477328 81.311275
2022-04-13 12:40:52,866 train 100 1.812929e+00 31.273205 84.375000
2022-04-13 12:42:19,344 train 150 1.740199e+00 34.307740 86.304843
2022-04-13 12:43:36,101 train_acc 36.600000
2022-04-13 12:43:36,103 alphas-normal
2022-04-13 12:43:36,104 tensor([[0.1175, 0.1338, 0.1178, 0.1144, 0.1245, 0.1299, 0.1275, 0.1346],
        [0.1160, 0.1289, 0.1171, 0.1151, 0.1302, 0.1383, 0.1188, 0.1356],
        [0.1200, 0.1339, 0.1200, 0.1192, 0.1214, 0.1313, 0.1209, 0.1332],
        [0.1213, 0.1363, 0.1252, 0.1223, 0.1233, 0.1284, 0.1175, 0.1257],
        [0.1199, 0.1369, 0.1259, 0.1201, 0.1153, 0.1298, 0.1209, 0.1311],
        [0.1237, 0.1292, 0.1226, 0.1225, 0.1258, 0.1267, 0.1248, 0.1247],
        [0.1224, 0.1293, 0.1219, 0.1207, 0.1257, 0.1272, 0.1258, 0.1270],
        [0.1224, 0.1317, 0.1251, 0.1220, 0.1232, 0.1310, 0.1213, 0.1233],
        [0.1218, 0.1302, 0.1239, 0.1215, 0.1221, 0.1255, 0.1271, 0.1278],
        [0.1245, 0.1265, 0.1233, 0.1234, 0.1275, 0.1251, 0.1241, 0.1255],
        [0.1245, 0.1287, 0.1237, 0.1237, 0.1245, 0.1247, 0.1255, 0.1248],
        [0.1238, 0.1294, 0.1250, 0.1236, 0.1246, 0.1245, 0.1229, 0.1263],
        [0.1240, 0.1292, 0.1243, 0.1237, 0.1231, 0.1248, 0.1258, 0.1251],
        [0.1241, 0.1283, 0.1238, 0.1237, 0.1242, 0.1232, 0.1269, 0.1258]],
       device='cuda:0', requires_grad=True)
2022-04-13 12:43:36,340 alphas-reduce
2022-04-13 12:43:36,341 tensor([[0.1236, 0.1274, 0.1224, 0.1270, 0.1237, 0.1272, 0.1234, 0.1253],
        [0.1236, 0.1260, 0.1222, 0.1226, 0.1250, 0.1255, 0.1256, 0.1296],
        [0.1245, 0.1260, 0.1240, 0.1245, 0.1248, 0.1261, 0.1248, 0.1252],
        [0.1247, 0.1252, 0.1231, 0.1245, 0.1258, 0.1275, 0.1241, 0.1251],
        [0.1240, 0.1274, 0.1260, 0.1250, 0.1260, 0.1232, 0.1247, 0.1239],
        [0.1248, 0.1263, 0.1249, 0.1245, 0.1248, 0.1246, 0.1247, 0.1254],
        [0.1245, 0.1270, 0.1251, 0.1250, 0.1247, 0.1254, 0.1237, 0.1246],
        [0.1244, 0.1271, 0.1250, 0.1246, 0.1240, 0.1238, 0.1254, 0.1257],
        [0.1243, 0.1274, 0.1257, 0.1247, 0.1249, 0.1252, 0.1240, 0.1238],
        [0.1250, 0.1257, 0.1250, 0.1249, 0.1254, 0.1245, 0.1247, 0.1248],
        [0.1248, 0.1265, 0.1257, 0.1243, 0.1243, 0.1258, 0.1251, 0.1235],
        [0.1245, 0.1258, 0.1243, 0.1245, 0.1251, 0.1249, 0.1252, 0.1257],
        [0.1245, 0.1265, 0.1251, 0.1247, 0.1246, 0.1258, 0.1243, 0.1246],
        [0.1242, 0.1267, 0.1253, 0.1245, 0.1244, 0.1249, 0.1258, 0.1241]],
       device='cuda:0', requires_grad=True)
2022-04-13 12:43:36,352 edges-normal
2022-04-13 12:43:36,353 tensor([0.5010, 0.4990, 0.3267, 0.3165, 0.3567, 0.2435, 0.2499, 0.2483, 0.2583,
        0.1917, 0.1979, 0.2018, 0.2038, 0.2048], device='cuda:0',
       requires_grad=True)
2022-04-13 12:43:36,357 edges-reduce
2022-04-13 12:43:36,358 tensor([0.5170, 0.4830, 0.3467, 0.3245, 0.3288, 0.2560, 0.2623, 0.2387, 0.2430,
        0.2090, 0.1929, 0.1997, 0.1979, 0.2006], device='cuda:0',
       requires_grad=True)
2022-04-13 12:43:36,362 genotype = Genotype(normal=[('sep_conv_5x5', 1), ('dil_conv_5x5', 0), ('max_pool_3x3', 2), ('max_pool_3x3', 0), ('max_pool_3x3', 3), ('max_pool_3x3', 2), ('max_pool_3x3', 3), ('max_pool_3x3', 4)], normal_concat=range(2, 6), reduce=[('max_pool_3x3', 0), ('dil_conv_5x5', 1), ('sep_conv_5x5', 0), ('max_pool_3x3', 2), ('max_pool_3x3', 1), ('max_pool_3x3', 0), ('max_pool_3x3', 0), ('max_pool_3x3', 4)], reduce_concat=range(2, 6))
2022-04-13 12:43:36,580 valid 000 2.005168e+00 32.031250 87.500000
2022-04-13 12:43:46,746 valid 050 1.958122e+00 33.670343 86.106005
2022-04-13 12:43:57,006 valid 100 1.950982e+00 33.609220 86.409344
2022-04-13 12:44:05,525 valid 150 1.939951e+00 33.883485 86.713576
2022-04-13 12:44:13,212 valid_acc 33.876000
2022-04-13 12:44:14,003 epoch 1 lr 9.990134e-02
2022-04-13 12:44:15,776 train 000 1.342489e+00 54.687500 95.312500
2022-04-13 12:45:41,731 train 050 1.449024e+00 46.170343 92.953431
2022-04-13 12:47:08,114 train 100 1.407559e+00 47.888304 93.200804
2022-04-13 12:48:35,833 train 150 1.384424e+00 49.084230 93.393005
2022-04-13 12:49:53,402 train_acc 50.144000
2022-04-13 12:49:53,403 alphas-normal
2022-04-13 12:49:53,403 tensor([[0.1089, 0.1265, 0.0939, 0.0913, 0.1410, 0.1717, 0.1291, 0.1375],
        [0.0954, 0.1317, 0.0919, 0.0906, 0.1281, 0.2167, 0.1066, 0.1389],
        [0.1166, 0.1377, 0.1099, 0.1095, 0.1200, 0.1426, 0.1163, 0.1472],
        [0.1137, 0.1489, 0.1187, 0.1138, 0.1214, 0.1404, 0.1133, 0.1297],
        [0.1067, 0.1540, 0.1191, 0.1076, 0.1034, 0.1347, 0.1215, 0.1531],
        [0.1217, 0.1314, 0.1183, 0.1187, 0.1261, 0.1314, 0.1259, 0.1265],
        [0.1206, 0.1332, 0.1155, 0.1155, 0.1280, 0.1314, 0.1256, 0.1303],
        [0.1156, 0.1395, 0.1188, 0.1141, 0.1226, 0.1418, 0.1202, 0.1273],
        [0.1150, 0.1375, 0.1190, 0.1148, 0.1230, 0.1272, 0.1267, 0.1368],
        [0.1241, 0.1281, 0.1201, 0.1204, 0.1293, 0.1278, 0.1241, 0.1262],
        [0.1231, 0.1320, 0.1207, 0.1211, 0.1253, 0.1264, 0.1267, 0.1247],
        [0.1220, 0.1345, 0.1239, 0.1209, 0.1243, 0.1262, 0.1226, 0.1256],
        [0.1221, 0.1334, 0.1223, 0.1213, 0.1224, 0.1252, 0.1251, 0.1281],
        [0.1220, 0.1331, 0.1216, 0.1213, 0.1221, 0.1212, 0.1265, 0.1322]],
       device='cuda:0', requires_grad=True)
2022-04-13 12:49:53,413 alphas-reduce
2022-04-13 12:49:53,414 tensor([[0.1228, 0.1317, 0.1184, 0.1292, 0.1231, 0.1324, 0.1206, 0.1218],
        [0.1208, 0.1308, 0.1184, 0.1168, 0.1319, 0.1255, 0.1218, 0.1340],
        [0.1241, 0.1294, 0.1239, 0.1260, 0.1260, 0.1250, 0.1228, 0.1229],
        [0.1235, 0.1282, 0.1215, 0.1239, 0.1264, 0.1292, 0.1233, 0.1241],
        [0.1215, 0.1350, 0.1271, 0.1230, 0.1237, 0.1228, 0.1243, 0.1227],
        [0.1244, 0.1274, 0.1239, 0.1250, 0.1250, 0.1250, 0.1251, 0.1242],
        [0.1238, 0.1301, 0.1246, 0.1260, 0.1245, 0.1238, 0.1227, 0.1245],
        [0.1229, 0.1318, 0.1257, 0.1235, 0.1218, 0.1238, 0.1245, 0.1260],
        [0.1229, 0.1318, 0.1270, 0.1237, 0.1257, 0.1233, 0.1222, 0.1233],
        [0.1249, 0.1264, 0.1245, 0.1257, 0.1256, 0.1233, 0.1250, 0.1246],
        [0.1244, 0.1283, 0.1253, 0.1236, 0.1239, 0.1255, 0.1260, 0.1229],
        [0.1233, 0.1295, 0.1240, 0.1237, 0.1233, 0.1238, 0.1251, 0.1272],
        [0.1234, 0.1300, 0.1250, 0.1240, 0.1234, 0.1257, 0.1240, 0.1246],
        [0.1233, 0.1305, 0.1259, 0.1243, 0.1224, 0.1237, 0.1267, 0.1232]],
       device='cuda:0', requires_grad=True)
2022-04-13 12:49:53,425 edges-normal
2022-04-13 12:49:53,426 tensor([0.4454, 0.5546, 0.2744, 0.3045, 0.4211, 0.2164, 0.2306, 0.2693, 0.2837,
        0.1679, 0.2072, 0.2020, 0.2077, 0.2151], device='cuda:0',
       requires_grad=True)
2022-04-13 12:49:53,430 edges-reduce
2022-04-13 12:49:53,431 tensor([0.5095, 0.4905, 0.3275, 0.3098, 0.3628, 0.2506, 0.2564, 0.2437, 0.2493,
        0.1990, 0.1887, 0.2048, 0.2025, 0.2050], device='cuda:0',
       requires_grad=True)
2022-04-13 12:49:53,435 genotype = Genotype(normal=[('sep_conv_5x5', 1), ('sep_conv_5x5', 0), ('max_pool_3x3', 2), ('max_pool_3x3', 1), ('max_pool_3x3', 3), ('sep_conv_5x5', 2), ('max_pool_3x3', 4), ('max_pool_3x3', 3)], normal_concat=range(2, 6), reduce=[('sep_conv_5x5', 0), ('dil_conv_5x5', 1), ('max_pool_3x3', 2), ('max_pool_3x3', 0), ('max_pool_3x3', 1), ('max_pool_3x3', 3), ('max_pool_3x3', 4), ('max_pool_3x3', 2)], reduce_concat=range(2, 6))
2022-04-13 12:49:53,643 valid 000 2.505774e+00 31.250000 86.718750
2022-04-13 12:50:02,190 valid 050 2.386447e+00 34.773284 86.626838
2022-04-13 12:50:11,713 valid 100 2.390814e+00 34.723082 86.594988
2022-04-13 12:50:22,489 valid 150 2.388408e+00 34.431912 86.496275
2022-04-13 12:50:32,220 valid_acc 34.344000
2022-04-13 12:50:33,070 epoch 2 lr 9.960574e-02
2022-04-13 12:50:34,840 train 000 1.211040e+00 53.906250 95.312500
2022-04-13 12:52:01,709 train 050 1.198728e+00 56.341912 95.358456
2022-04-13 12:53:28,948 train 100 1.204511e+00 56.489790 95.258354
2022-04-13 12:54:54,666 train 150 1.167141e+00 57.947020 95.498758
2022-04-13 12:56:11,463 train_acc 58.416000
2022-04-13 12:56:11,464 alphas-normal
2022-04-13 12:56:11,465 tensor([[0.1001, 0.1107, 0.0713, 0.0731, 0.1465, 0.2134, 0.1358, 0.1490],
        [0.0837, 0.1256, 0.0622, 0.0712, 0.1484, 0.2512, 0.1045, 0.1532],
        [0.1108, 0.1422, 0.1020, 0.1015, 0.1181, 0.1530, 0.1177, 0.1547],
        [0.1102, 0.1519, 0.0990, 0.1003, 0.1236, 0.1519, 0.1142, 0.1489],
        [0.0957, 0.1539, 0.0990, 0.0917, 0.1022, 0.1579, 0.1214, 0.1781],
        [0.1182, 0.1334, 0.1164, 0.1161, 0.1249, 0.1328, 0.1326, 0.1256],
        [0.1172, 0.1344, 0.1052, 0.1083, 0.1298, 0.1466, 0.1268, 0.1317],
        [0.1085, 0.1443, 0.1082, 0.1046, 0.1252, 0.1596, 0.1167, 0.1328],
        [0.1067, 0.1415, 0.1094, 0.1064, 0.1251, 0.1391, 0.1274, 0.1443],
        [0.1224, 0.1316, 0.1195, 0.1184, 0.1311, 0.1280, 0.1232, 0.1260],
        [0.1221, 0.1340, 0.1154, 0.1168, 0.1272, 0.1300, 0.1277, 0.1269],
        [0.1196, 0.1390, 0.1206, 0.1173, 0.1264, 0.1306, 0.1226, 0.1239],
        [0.1201, 0.1391, 0.1198, 0.1194, 0.1192, 0.1275, 0.1258, 0.1290],
        [0.1193, 0.1385, 0.1183, 0.1188, 0.1222, 0.1222, 0.1220, 0.1386]],
       device='cuda:0', requires_grad=True)
2022-04-13 12:56:11,476 alphas-reduce
2022-04-13 12:56:11,476 tensor([[0.1223, 0.1313, 0.1120, 0.1258, 0.1248, 0.1429, 0.1180, 0.1227],
        [0.1187, 0.1337, 0.1153, 0.1142, 0.1367, 0.1283, 0.1137, 0.1394],
        [0.1241, 0.1297, 0.1222, 0.1249, 0.1280, 0.1265, 0.1230, 0.1217],
        [0.1224, 0.1314, 0.1211, 0.1244, 0.1277, 0.1269, 0.1223, 0.1237],
        [0.1189, 0.1442, 0.1288, 0.1211, 0.1186, 0.1221, 0.1236, 0.1227],
        [0.1248, 0.1270, 0.1224, 0.1263, 0.1263, 0.1241, 0.1255, 0.1236],
        [0.1232, 0.1326, 0.1245, 0.1262, 0.1245, 0.1236, 0.1218, 0.1236],
        [0.1219, 0.1370, 0.1257, 0.1226, 0.1196, 0.1250, 0.1236, 0.1245],
        [0.1214, 0.1357, 0.1273, 0.1226, 0.1254, 0.1222, 0.1217, 0.1237],
        [0.1247, 0.1263, 0.1238, 0.1260, 0.1258, 0.1232, 0.1260, 0.1241],
        [0.1239, 0.1293, 0.1252, 0.1226, 0.1238, 0.1257, 0.1261, 0.1232],
        [0.1225, 0.1327, 0.1225, 0.1229, 0.1229, 0.1234, 0.1252, 0.1279],
        [0.1227, 0.1329, 0.1242, 0.1237, 0.1234, 0.1239, 0.1249, 0.1242],
        [0.1228, 0.1334, 0.1258, 0.1242, 0.1207, 0.1228, 0.1273, 0.1232]],
       device='cuda:0', requires_grad=True)
2022-04-13 12:56:11,488 edges-normal
2022-04-13 12:56:11,489 tensor([0.4500, 0.5500, 0.2814, 0.2747, 0.4439, 0.2137, 0.1975, 0.2854, 0.3035,
        0.1741, 0.2001, 0.2014, 0.2026, 0.2219], device='cuda:0',
       requires_grad=True)
2022-04-13 12:56:11,493 edges-reduce
2022-04-13 12:56:11,494 tensor([0.4673, 0.5327, 0.2933, 0.3279, 0.3788, 0.2198, 0.2659, 0.2538, 0.2604,
        0.1854, 0.1923, 0.2103, 0.2047, 0.2073], device='cuda:0',
       requires_grad=True)
2022-04-13 12:56:11,498 genotype = Genotype(normal=[('sep_conv_5x5', 1), ('sep_conv_5x5', 0), ('dil_conv_5x5', 2), ('dil_conv_5x5', 0), ('sep_conv_5x5', 2), ('dil_conv_5x5', 3), ('dil_conv_5x5', 4), ('max_pool_3x3', 3)], normal_concat=range(2, 6), reduce=[('dil_conv_5x5', 1), ('sep_conv_5x5', 0), ('max_pool_3x3', 2), ('max_pool_3x3', 1), ('max_pool_3x3', 3), ('max_pool_3x3', 1), ('max_pool_3x3', 2), ('max_pool_3x3', 4)], reduce_concat=range(2, 6))
2022-04-13 12:56:11,697 valid 000 1.270104e+00 52.343750 95.312500
2022-04-13 12:56:20,231 valid 050 1.212824e+00 56.250000 95.266544
2022-04-13 12:56:28,763 valid 100 1.222963e+00 55.870978 95.173267
2022-04-13 12:56:37,471 valid 150 1.219940e+00 55.758485 95.162459
2022-04-13 12:56:45,139 valid_acc 55.836000
2022-04-13 12:56:46,212 epoch 3 lr 9.911436e-02
2022-04-13 12:56:47,945 train 000 8.880291e-01 65.625000 98.437500
2022-04-13 12:58:15,082 train 050 1.086455e+00 60.906863 96.032475
2022-04-13 12:59:41,308 train 100 1.072914e+00 61.440285 96.116955
2022-04-13 13:01:07,717 train 150 1.049288e+00 62.106788 96.326573
2022-04-13 13:02:24,674 train_acc 62.504000
2022-04-13 13:02:24,676 alphas-normal
2022-04-13 13:02:24,677 tensor([[0.0880, 0.1025, 0.0564, 0.0601, 0.1548, 0.2396, 0.1327, 0.1659],
        [0.0695, 0.1035, 0.0435, 0.0559, 0.1669, 0.2824, 0.1100, 0.1684],
        [0.1074, 0.1383, 0.0946, 0.0943, 0.1212, 0.1679, 0.1155, 0.1607],
        [0.1056, 0.1428, 0.0898, 0.0918, 0.1270, 0.1662, 0.1150, 0.1617],
        [0.0847, 0.1586, 0.0929, 0.0803, 0.0962, 0.1642, 0.1195, 0.2038],
        [0.1144, 0.1296, 0.1093, 0.1114, 0.1287, 0.1479, 0.1340, 0.1247],
        [0.1147, 0.1322, 0.0986, 0.1033, 0.1292, 0.1625, 0.1267, 0.1328],
        [0.1025, 0.1567, 0.1042, 0.0984, 0.1329, 0.1497, 0.1123, 0.1432],
        [0.0982, 0.1511, 0.1039, 0.0986, 0.1252, 0.1504, 0.1323, 0.1403],
        [0.1213, 0.1307, 0.1159, 0.1158, 0.1313, 0.1308, 0.1241, 0.1302],
        [0.1203, 0.1342, 0.1098, 0.1132, 0.1346, 0.1329, 0.1279, 0.1271],
        [0.1170, 0.1427, 0.1177, 0.1143, 0.1278, 0.1321, 0.1241, 0.1243],
        [0.1172, 0.1409, 0.1142, 0.1161, 0.1238, 0.1295, 0.1287, 0.1296],
        [0.1163, 0.1416, 0.1136, 0.1162, 0.1215, 0.1280, 0.1171, 0.1457]],
       device='cuda:0', requires_grad=True)
2022-04-13 13:02:24,692 alphas-reduce
2022-04-13 13:02:24,693 tensor([[0.1196, 0.1368, 0.1055, 0.1246, 0.1269, 0.1531, 0.1151, 0.1185],
        [0.1176, 0.1403, 0.1070, 0.1134, 0.1390, 0.1336, 0.1096, 0.1394],
        [0.1237, 0.1314, 0.1212, 0.1246, 0.1297, 0.1271, 0.1214, 0.1209],
        [0.1217, 0.1339, 0.1187, 0.1248, 0.1262, 0.1298, 0.1201, 0.1248],
        [0.1161, 0.1502, 0.1248, 0.1170, 0.1178, 0.1294, 0.1216, 0.1231],
        [0.1246, 0.1276, 0.1209, 0.1270, 0.1267, 0.1239, 0.1254, 0.1239],
        [0.1231, 0.1362, 0.1231, 0.1258, 0.1253, 0.1227, 0.1209, 0.1229],
        [0.1205, 0.1426, 0.1254, 0.1214, 0.1185, 0.1245, 0.1224, 0.1248],
        [0.1197, 0.1416, 0.1281, 0.1213, 0.1248, 0.1210, 0.1206, 0.1229],
        [0.1248, 0.1283, 0.1241, 0.1256, 0.1263, 0.1214, 0.1253, 0.1241],
        [0.1236, 0.1312, 0.1246, 0.1220, 0.1241, 0.1249, 0.1258, 0.1238],
        [0.1211, 0.1362, 0.1224, 0.1222, 0.1219, 0.1237, 0.1246, 0.1279],
        [0.1214, 0.1367, 0.1245, 0.1230, 0.1232, 0.1229, 0.1237, 0.1245],
        [0.1216, 0.1371, 0.1262, 0.1235, 0.1200, 0.1225, 0.1269, 0.1221]],
       device='cuda:0', requires_grad=True)
2022-04-13 13:02:24,705 edges-normal
2022-04-13 13:02:24,706 tensor([0.4464, 0.5536, 0.2343, 0.2640, 0.5017, 0.2041, 0.1732, 0.2865, 0.3363,
        0.1618, 0.1847, 0.2085, 0.2125, 0.2325], device='cuda:0',
       requires_grad=True)
2022-04-13 13:02:24,711 edges-reduce
2022-04-13 13:02:24,711 tensor([0.5109, 0.4891, 0.2940, 0.3115, 0.3945, 0.2230, 0.2525, 0.2575, 0.2671,
        0.1828, 0.1820, 0.2148, 0.2085, 0.2119], device='cuda:0',
       requires_grad=True)
2022-04-13 13:02:24,716 genotype = Genotype(normal=[('sep_conv_5x5', 1), ('sep_conv_5x5', 0), ('dil_conv_5x5', 2), ('sep_conv_5x5', 1), ('max_pool_3x3', 3), ('max_pool_3x3', 2), ('dil_conv_5x5', 4), ('max_pool_3x3', 3)], normal_concat=range(2, 6), reduce=[('sep_conv_5x5', 0), ('max_pool_3x3', 1), ('max_pool_3x3', 2), ('max_pool_3x3', 1), ('max_pool_3x3', 3), ('max_pool_3x3', 2), ('max_pool_3x3', 2), ('max_pool_3x3', 4)], reduce_concat=range(2, 6))
2022-04-13 13:02:24,957 valid 000 1.051381e+00 61.718750 96.875000
2022-04-13 13:02:33,975 valid 050 1.105015e+00 60.386029 95.971201
2022-04-13 13:02:42,502 valid 100 1.098591e+00 60.210396 96.341275
2022-04-13 13:02:51,027 valid 150 1.101578e+00 60.187293 96.430050
2022-04-13 13:02:58,685 valid_acc 60.316000
2022-04-13 13:02:59,860 epoch 4 lr 9.842916e-02
2022-04-13 13:03:01,610 train 000 1.043682e+00 65.625000 97.656250
2022-04-13 13:04:27,052 train 050 9.885304e-01 64.307598 97.242647
2022-04-13 13:05:52,792 train 100 9.665169e-01 65.331064 97.153465
2022-04-13 13:07:20,738 train 150 9.649755e-01 65.371482 97.200952
2022-04-13 13:08:37,333 train_acc 65.528000
2022-04-13 13:08:37,335 alphas-normal
2022-04-13 13:08:37,336 tensor([[0.0725, 0.1027, 0.0466, 0.0505, 0.1530, 0.2819, 0.1267, 0.1662],
        [0.0577, 0.1017, 0.0349, 0.0491, 0.1875, 0.2745, 0.1178, 0.1769],
        [0.1001, 0.1350, 0.0871, 0.0870, 0.1251, 0.1945, 0.1073, 0.1639],
        [0.0977, 0.1456, 0.0855, 0.0882, 0.1303, 0.1711, 0.1132, 0.1685],
        [0.0779, 0.1583, 0.0742, 0.0701, 0.1027, 0.1779, 0.1278, 0.2111],
        [0.1110, 0.1303, 0.1033, 0.1083, 0.1305, 0.1662, 0.1275, 0.1229],
        [0.1125, 0.1328, 0.0918, 0.0983, 0.1335, 0.1740, 0.1248, 0.1324],
        [0.0973, 0.1613, 0.0917, 0.0904, 0.1362, 0.1651, 0.1062, 0.1518],
        [0.0952, 0.1647, 0.0954, 0.0942, 0.1391, 0.1483, 0.1264, 0.1369],
        [0.1207, 0.1308, 0.1112, 0.1125, 0.1319, 0.1354, 0.1232, 0.1343],
        [0.1175, 0.1373, 0.1064, 0.1105, 0.1338, 0.1387, 0.1272, 0.1286],
        [0.1139, 0.1442, 0.1112, 0.1087, 0.1332, 0.1343, 0.1218, 0.1326],
        [0.1140, 0.1436, 0.1076, 0.1117, 0.1258, 0.1322, 0.1331, 0.1320],
        [0.1123, 0.1502, 0.1100, 0.1127, 0.1187, 0.1359, 0.1122, 0.1481]],
       device='cuda:0', requires_grad=True)
2022-04-13 13:08:37,350 alphas-reduce
2022-04-13 13:08:37,351 tensor([[0.1158, 0.1450, 0.1021, 0.1230, 0.1331, 0.1618, 0.1055, 0.1137],
        [0.1148, 0.1484, 0.1022, 0.1128, 0.1443, 0.1364, 0.1049, 0.1362],
        [0.1215, 0.1373, 0.1230, 0.1233, 0.1313, 0.1285, 0.1180, 0.1171],
        [0.1198, 0.1377, 0.1178, 0.1230, 0.1265, 0.1332, 0.1186, 0.1234],
        [0.1118, 0.1624, 0.1222, 0.1144, 0.1149, 0.1330, 0.1204, 0.1210],
        [0.1242, 0.1303, 0.1210, 0.1263, 0.1256, 0.1241, 0.1237, 0.1248],
        [0.1222, 0.1397, 0.1228, 0.1259, 0.1258, 0.1232, 0.1194, 0.1212],
        [0.1191, 0.1492, 0.1251, 0.1199, 0.1171, 0.1246, 0.1209, 0.1241],
        [0.1183, 0.1476, 0.1283, 0.1203, 0.1249, 0.1221, 0.1180, 0.1206],
        [0.1241, 0.1301, 0.1244, 0.1240, 0.1258, 0.1213, 0.1250, 0.1253],
        [0.1230, 0.1333, 0.1244, 0.1213, 0.1246, 0.1233, 0.1265, 0.1237],
        [0.1197, 0.1420, 0.1227, 0.1218, 0.1205, 0.1224, 0.1240, 0.1269],
        [0.1196, 0.1414, 0.1242, 0.1221, 0.1251, 0.1224, 0.1221, 0.1230],
        [0.1201, 0.1420, 0.1272, 0.1230, 0.1175, 0.1220, 0.1269, 0.1213]],
       device='cuda:0', requires_grad=True)
2022-04-13 13:08:37,363 edges-normal
2022-04-13 13:08:37,364 tensor([0.4254, 0.5746, 0.2211, 0.2860, 0.4929, 0.2063, 0.1629, 0.2893, 0.3415,
        0.1456, 0.1942, 0.2025, 0.2154, 0.2423], device='cuda:0',
       requires_grad=True)
2022-04-13 13:08:37,367 edges-reduce
2022-04-13 13:08:37,368 tensor([0.5194, 0.4806, 0.2987, 0.2945, 0.4068, 0.2227, 0.2418, 0.2609, 0.2746,
        0.1819, 0.1717, 0.2180, 0.2152, 0.2132], device='cuda:0',
       requires_grad=True)
2022-04-13 13:08:37,373 genotype = Genotype(normal=[('sep_conv_5x5', 1), ('sep_conv_5x5', 0), ('dil_conv_5x5', 2), ('sep_conv_5x5', 1), ('max_pool_3x3', 3), ('sep_conv_5x5', 2), ('max_pool_3x3', 4), ('max_pool_3x3', 3)], normal_concat=range(2, 6), reduce=[('sep_conv_5x5', 0), ('max_pool_3x3', 1), ('max_pool_3x3', 2), ('max_pool_3x3', 0), ('max_pool_3x3', 3), ('max_pool_3x3', 2), ('max_pool_3x3', 2), ('max_pool_3x3', 3)], reduce_concat=range(2, 6))
2022-04-13 13:08:37,611 valid 000 1.127117e+00 60.156250 95.312500
2022-04-13 13:08:46,700 valid 050 1.192499e+00 58.195466 95.082721
2022-04-13 13:08:55,220 valid 100 1.194006e+00 58.222463 95.064975
2022-04-13 13:09:03,742 valid 150 1.185643e+00 58.371275 95.074503
2022-04-13 13:09:11,395 valid_acc 58.136000
2022-04-13 13:09:12,746 epoch 5 lr 9.755283e-02
2022-04-13 13:09:14,439 train 000 9.331533e-01 67.187500 98.437500
2022-04-13 13:10:39,987 train 050 9.087661e-01 67.861520 97.533701
2022-04-13 13:12:06,087 train 100 9.060485e-01 67.667079 97.524752
2022-04-13 13:13:32,695 train 150 8.979966e-01 67.891142 97.563121
2022-04-13 13:14:50,767 train_acc 68.172000
2022-04-13 13:14:50,769 alphas-normal
2022-04-13 13:14:50,770 tensor([[0.0647, 0.1071, 0.0425, 0.0451, 0.1746, 0.2790, 0.1287, 0.1583],
        [0.0496, 0.1185, 0.0347, 0.0484, 0.2065, 0.2722, 0.1281, 0.1421],
        [0.0945, 0.1280, 0.0825, 0.0820, 0.1256, 0.2145, 0.1040, 0.1689],
        [0.0934, 0.1438, 0.0809, 0.0843, 0.1401, 0.1839, 0.1065, 0.1672],
        [0.0715, 0.1555, 0.0651, 0.0622, 0.1045, 0.2002, 0.1216, 0.2193],
        [0.1096, 0.1232, 0.1004, 0.1047, 0.1359, 0.1765, 0.1268, 0.1230],
        [0.1103, 0.1293, 0.0865, 0.0945, 0.1358, 0.1853, 0.1230, 0.1353],
        [0.0931, 0.1616, 0.0834, 0.0837, 0.1421, 0.1829, 0.1019, 0.1513],
        [0.0927, 0.1618, 0.0864, 0.0890, 0.1713, 0.1440, 0.1164, 0.1385],
        [0.1189, 0.1315, 0.1105, 0.1103, 0.1316, 0.1365, 0.1248, 0.1358],
        [0.1148, 0.1397, 0.1041, 0.1089, 0.1399, 0.1414, 0.1264, 0.1247],
        [0.1123, 0.1424, 0.1052, 0.1044, 0.1424, 0.1414, 0.1149, 0.1369],
        [0.1136, 0.1404, 0.1006, 0.1091, 0.1313, 0.1323, 0.1324, 0.1405],
        [0.1093, 0.1492, 0.1045, 0.1092, 0.1175, 0.1485, 0.1078, 0.1539]],
       device='cuda:0', requires_grad=True)
2022-04-13 13:14:50,780 alphas-reduce
2022-04-13 13:14:50,781 tensor([[0.1118, 0.1473, 0.0968, 0.1221, 0.1449, 0.1656, 0.1041, 0.1074],
        [0.1136, 0.1552, 0.1009, 0.1119, 0.1516, 0.1348, 0.1038, 0.1282],
        [0.1211, 0.1415, 0.1236, 0.1230, 0.1350, 0.1259, 0.1161, 0.1137],
        [0.1186, 0.1409, 0.1168, 0.1218, 0.1260, 0.1367, 0.1169, 0.1223],
        [0.1091, 0.1712, 0.1208, 0.1122, 0.1139, 0.1315, 0.1204, 0.1208],
        [0.1242, 0.1309, 0.1204, 0.1263, 0.1258, 0.1241, 0.1234, 0.1249],
        [0.1219, 0.1416, 0.1225, 0.1249, 0.1280, 0.1227, 0.1185, 0.1198],
        [0.1181, 0.1539, 0.1241, 0.1190, 0.1171, 0.1264, 0.1180, 0.1234],
        [0.1169, 0.1524, 0.1280, 0.1189, 0.1249, 0.1234, 0.1171, 0.1185],
        [0.1242, 0.1306, 0.1238, 0.1236, 0.1261, 0.1216, 0.1249, 0.1252],
        [0.1231, 0.1345, 0.1238, 0.1207, 0.1244, 0.1226, 0.1270, 0.1239],
        [0.1186, 0.1463, 0.1225, 0.1214, 0.1194, 0.1214, 0.1239, 0.1265],
        [0.1179, 0.1455, 0.1248, 0.1213, 0.1257, 0.1207, 0.1222, 0.1219],
        [0.1187, 0.1467, 0.1287, 0.1225, 0.1160, 0.1213, 0.1266, 0.1194]],
       device='cuda:0', requires_grad=True)
2022-04-13 13:14:50,793 edges-normal
2022-04-13 13:14:50,794 tensor([0.4193, 0.5807, 0.2414, 0.2546, 0.5040, 0.2037, 0.1690, 0.2856, 0.3418,
        0.1448, 0.1963, 0.2016, 0.2068, 0.2504], device='cuda:0',
       requires_grad=True)
2022-04-13 13:14:50,798 edges-reduce
2022-04-13 13:14:50,800 tensor([0.5114, 0.4886, 0.2890, 0.2954, 0.4157, 0.2131, 0.2435, 0.2637, 0.2798,
        0.1779, 0.1671, 0.2196, 0.2193, 0.2161], device='cuda:0',
       requires_grad=True)
2022-04-13 13:14:50,804 genotype = Genotype(normal=[('sep_conv_5x5', 1), ('sep_conv_5x5', 0), ('dil_conv_5x5', 2), ('sep_conv_5x5', 0), ('sep_conv_3x3', 3), ('sep_conv_5x5', 2), ('dil_conv_5x5', 4), ('dil_conv_5x5', 3)], normal_concat=range(2, 6), reduce=[('sep_conv_5x5', 0), ('max_pool_3x3', 1), ('max_pool_3x3', 2), ('max_pool_3x3', 1), ('max_pool_3x3', 3), ('max_pool_3x3', 2), ('max_pool_3x3', 2), ('max_pool_3x3', 3)], reduce_concat=range(2, 6))
2022-04-13 13:14:51,011 valid 000 8.953910e-01 63.281250 98.437500
2022-04-13 13:14:59,518 valid 050 9.566282e-01 66.207108 97.365196
2022-04-13 13:15:08,031 valid 100 9.782146e-01 65.671411 97.207611
2022-04-13 13:15:16,538 valid 150 9.759837e-01 65.661217 97.149214
2022-04-13 13:15:24,186 valid_acc 65.776000
2022-04-13 13:15:25,653 epoch 6 lr 9.648882e-02
2022-04-13 13:15:27,367 train 000 9.831501e-01 62.500000 96.093750
2022-04-13 13:16:52,925 train 050 8.468215e-01 70.343137 97.947304
2022-04-13 13:18:20,092 train 100 8.288506e-01 70.962252 97.934715
2022-04-13 13:19:47,189 train 150 8.225809e-01 71.326573 97.966680
2022-04-13 13:21:05,326 train_acc 71.104000
2022-04-13 13:21:05,344 alphas-normal
2022-04-13 13:21:05,345 tensor([[0.0587, 0.1078, 0.0384, 0.0419, 0.1699, 0.2965, 0.1239, 0.1628],
        [0.0459, 0.1245, 0.0331, 0.0457, 0.2054, 0.2547, 0.1442, 0.1464],
        [0.0863, 0.1240, 0.0800, 0.0778, 0.1235, 0.2341, 0.1060, 0.1684],
        [0.0875, 0.1367, 0.0750, 0.0786, 0.1501, 0.1954, 0.1070, 0.1696],
        [0.0695, 0.1516, 0.0563, 0.0567, 0.1110, 0.1872, 0.1153, 0.2525],
        [0.1048, 0.1186, 0.0934, 0.0987, 0.1386, 0.1993, 0.1227, 0.1238],
        [0.1083, 0.1259, 0.0836, 0.0906, 0.1427, 0.1942, 0.1231, 0.1315],
        [0.0925, 0.1745, 0.0804, 0.0805, 0.1534, 0.1739, 0.0994, 0.1454],
        [0.0887, 0.1648, 0.0781, 0.0824, 0.1841, 0.1633, 0.1122, 0.1263],
        [0.1163, 0.1314, 0.1092, 0.1084, 0.1301, 0.1441, 0.1222, 0.1384],
        [0.1115, 0.1394, 0.1023, 0.1062, 0.1448, 0.1494, 0.1258, 0.1206],
        [0.1105, 0.1416, 0.0996, 0.0996, 0.1483, 0.1482, 0.1112, 0.1410],
        [0.1106, 0.1423, 0.0959, 0.1053, 0.1318, 0.1401, 0.1333, 0.1407],
        [0.1028, 0.1544, 0.1010, 0.1040, 0.1186, 0.1562, 0.1061, 0.1568]],
       device='cuda:0', requires_grad=True)
2022-04-13 13:21:05,358 alphas-reduce
2022-04-13 13:21:05,359 tensor([[0.1087, 0.1560, 0.0990, 0.1204, 0.1565, 0.1539, 0.1029, 0.1026],
        [0.1115, 0.1681, 0.0993, 0.1095, 0.1549, 0.1285, 0.1060, 0.1223],
        [0.1194, 0.1459, 0.1271, 0.1211, 0.1376, 0.1271, 0.1134, 0.1082],
        [0.1172, 0.1455, 0.1159, 0.1211, 0.1256, 0.1381, 0.1161, 0.1205],
        [0.1075, 0.1740, 0.1143, 0.1082, 0.1146, 0.1394, 0.1217, 0.1204],
        [0.1231, 0.1334, 0.1220, 0.1248, 0.1245, 0.1241, 0.1218, 0.1262],
        [0.1208, 0.1455, 0.1228, 0.1232, 0.1294, 0.1223, 0.1175, 0.1186],
        [0.1175, 0.1565, 0.1212, 0.1168, 0.1183, 0.1311, 0.1167, 0.1219],
        [0.1159, 0.1546, 0.1250, 0.1168, 0.1260, 0.1263, 0.1186, 0.1167],
        [0.1236, 0.1314, 0.1240, 0.1221, 0.1269, 0.1223, 0.1244, 0.1254],
        [0.1228, 0.1360, 0.1234, 0.1202, 0.1249, 0.1224, 0.1270, 0.1233],
        [0.1176, 0.1493, 0.1224, 0.1205, 0.1201, 0.1223, 0.1231, 0.1246],
        [0.1168, 0.1475, 0.1242, 0.1204, 0.1278, 0.1202, 0.1204, 0.1228],
        [0.1177, 0.1499, 0.1297, 0.1219, 0.1132, 0.1223, 0.1271, 0.1182]],
       device='cuda:0', requires_grad=True)
2022-04-13 13:21:05,369 edges-normal
2022-04-13 13:21:05,370 tensor([0.3907, 0.6093, 0.2288, 0.2796, 0.4916, 0.2057, 0.1624, 0.2644, 0.3675,
        0.1355, 0.1936, 0.1870, 0.2071, 0.2768], device='cuda:0',
       requires_grad=True)
2022-04-13 13:21:05,375 edges-reduce
2022-04-13 13:21:05,376 tensor([0.5253, 0.4747, 0.2896, 0.2940, 0.4163, 0.2071, 0.2387, 0.2720, 0.2822,
        0.1764, 0.1560, 0.2271, 0.2235, 0.2171], device='cuda:0',
       requires_grad=True)
2022-04-13 13:21:05,380 genotype = Genotype(normal=[('sep_conv_5x5', 1), ('sep_conv_5x5', 0), ('dil_conv_5x5', 2), ('sep_conv_5x5', 1), ('sep_conv_3x3', 3), ('max_pool_3x3', 2), ('dil_conv_5x5', 4), ('max_pool_3x3', 3)], normal_concat=range(2, 6), reduce=[('sep_conv_3x3', 0), ('max_pool_3x3', 1), ('max_pool_3x3', 2), ('max_pool_3x3', 1), ('max_pool_3x3', 3), ('max_pool_3x3', 2), ('max_pool_3x3', 2), ('max_pool_3x3', 3)], reduce_concat=range(2, 6))
2022-04-13 13:21:05,607 valid 000 8.579175e-01 67.968750 99.218750
2022-04-13 13:21:16,143 valid 050 9.192306e-01 67.310049 97.411152
2022-04-13 13:21:26,683 valid 100 9.148369e-01 67.736696 97.246287
2022-04-13 13:21:37,226 valid 150 9.098507e-01 67.761796 97.288907
2022-04-13 13:21:46,665 valid_acc 67.744000
2022-04-13 13:21:48,316 epoch 7 lr 9.524135e-02
2022-04-13 13:21:50,054 train 000 7.204651e-01 75.000000 96.875000
2022-04-13 13:23:17,425 train 050 7.988946e-01 71.798407 97.916667
2022-04-13 13:24:44,516 train 100 7.885381e-01 72.029703 98.143564
2022-04-13 13:26:10,729 train 150 7.795261e-01 72.444123 98.220199
2022-04-13 13:27:27,926 train_acc 72.500000
2022-04-13 13:27:27,952 alphas-normal
2022-04-13 13:27:27,953 tensor([[0.0553, 0.1087, 0.0353, 0.0396, 0.1880, 0.3009, 0.1093, 0.1629],
        [0.0406, 0.1248, 0.0295, 0.0454, 0.2154, 0.2388, 0.1567, 0.1488],
        [0.0812, 0.1144, 0.0740, 0.0719, 0.1310, 0.2506, 0.1016, 0.1753],
        [0.0802, 0.1279, 0.0680, 0.0726, 0.1478, 0.2170, 0.1075, 0.1791],
        [0.0716, 0.1565, 0.0471, 0.0547, 0.1186, 0.2108, 0.1179, 0.2228],
        [0.1028, 0.1125, 0.0896, 0.0946, 0.1456, 0.2097, 0.1179, 0.1273],
        [0.1050, 0.1252, 0.0820, 0.0895, 0.1418, 0.2064, 0.1187, 0.1316],
        [0.0903, 0.1775, 0.0747, 0.0763, 0.1551, 0.1901, 0.0944, 0.1416],
        [0.0885, 0.1756, 0.0765, 0.0813, 0.2063, 0.1482, 0.1070, 0.1165],
        [0.1139, 0.1309, 0.1078, 0.1054, 0.1315, 0.1513, 0.1190, 0.1401],
        [0.1077, 0.1414, 0.0985, 0.1031, 0.1502, 0.1590, 0.1214, 0.1187],
        [0.1077, 0.1399, 0.0920, 0.0950, 0.1603, 0.1539, 0.1086, 0.1425],
        [0.1083, 0.1422, 0.0889, 0.1017, 0.1303, 0.1481, 0.1347, 0.1459],
        [0.1006, 0.1586, 0.0961, 0.1013, 0.1270, 0.1517, 0.1066, 0.1582]],
       device='cuda:0', requires_grad=True)
2022-04-13 13:27:27,966 alphas-reduce
2022-04-13 13:27:27,966 tensor([[0.1065, 0.1623, 0.0980, 0.1215, 0.1614, 0.1535, 0.0949, 0.1018],
        [0.1103, 0.1760, 0.0979, 0.1057, 0.1631, 0.1241, 0.1053, 0.1175],
        [0.1194, 0.1459, 0.1256, 0.1184, 0.1396, 0.1292, 0.1163, 0.1056],
        [0.1165, 0.1482, 0.1148, 0.1198, 0.1261, 0.1407, 0.1136, 0.1202],
        [0.1051, 0.1786, 0.1106, 0.1057, 0.1159, 0.1470, 0.1188, 0.1184],
        [0.1232, 0.1346, 0.1225, 0.1247, 0.1234, 0.1237, 0.1215, 0.1264],
        [0.1206, 0.1483, 0.1233, 0.1221, 0.1306, 0.1223, 0.1164, 0.1164],
        [0.1165, 0.1605, 0.1196, 0.1159, 0.1180, 0.1355, 0.1150, 0.1189],
        [0.1147, 0.1588, 0.1242, 0.1156, 0.1270, 0.1279, 0.1178, 0.1141],
        [0.1236, 0.1313, 0.1234, 0.1215, 0.1274, 0.1220, 0.1258, 0.1251],
        [0.1227, 0.1367, 0.1232, 0.1203, 0.1252, 0.1212, 0.1263, 0.1245],
        [0.1169, 0.1522, 0.1214, 0.1204, 0.1206, 0.1241, 0.1211, 0.1232],
        [0.1155, 0.1508, 0.1237, 0.1197, 0.1278, 0.1203, 0.1205, 0.1217],
        [0.1172, 0.1522, 0.1297, 0.1219, 0.1116, 0.1223, 0.1272, 0.1177]],
       device='cuda:0', requires_grad=True)
2022-04-13 13:27:27,977 edges-normal
2022-04-13 13:27:27,978 tensor([0.4439, 0.5561, 0.2207, 0.3037, 0.4756, 0.1960, 0.1775, 0.2667, 0.3597,
        0.1447, 0.2042, 0.1871, 0.2024, 0.2616], device='cuda:0',
       requires_grad=True)
2022-04-13 13:27:27,982 edges-reduce
2022-04-13 13:27:27,983 tensor([0.5077, 0.4923, 0.2953, 0.2914, 0.4133, 0.2077, 0.2404, 0.2699, 0.2819,
        0.1787, 0.1544, 0.2266, 0.2265, 0.2138], device='cuda:0',
       requires_grad=True)
2022-04-13 13:27:27,988 genotype = Genotype(normal=[('sep_conv_5x5', 0), ('sep_conv_5x5', 1), ('dil_conv_5x5', 2), ('sep_conv_5x5', 1), ('sep_conv_3x3', 3), ('sep_conv_5x5', 2), ('max_pool_3x3', 4), ('sep_conv_5x5', 1)], normal_concat=range(2, 6), reduce=[('max_pool_3x3', 1), ('max_pool_3x3', 0), ('max_pool_3x3', 2), ('max_pool_3x3', 1), ('max_pool_3x3', 3), ('max_pool_3x3', 2), ('max_pool_3x3', 2), ('max_pool_3x3', 3)], reduce_concat=range(2, 6))
2022-04-13 13:27:28,227 valid 000 6.155269e-01 81.250000 99.218750
2022-04-13 13:27:36,842 valid 050 7.851845e-01 72.334559 98.131127
2022-04-13 13:27:45,364 valid 100 7.942915e-01 71.913676 98.073948
2022-04-13 13:27:53,899 valid 150 7.968502e-01 71.766349 98.121896
2022-04-13 13:28:01,569 valid_acc 71.768000
2022-04-13 13:28:03,506 epoch 8 lr 9.381533e-02
2022-04-13 13:28:05,207 train 000 6.899098e-01 72.656250 98.437500
2022-04-13 13:29:32,679 train 050 7.386130e-01 74.555760 98.468137
2022-04-13 13:30:59,178 train 100 7.423902e-01 74.311572 98.476176
2022-04-13 13:32:26,010 train 150 7.352589e-01 74.503311 98.592715
2022-04-13 13:33:42,946 train_acc 74.528000
2022-04-13 13:33:42,975 alphas-normal
2022-04-13 13:33:42,976 tensor([[0.0509, 0.1140, 0.0336, 0.0369, 0.1732, 0.3178, 0.1121, 0.1616],
        [0.0326, 0.1262, 0.0270, 0.0390, 0.2274, 0.2370, 0.1582, 0.1525],
        [0.0742, 0.1089, 0.0652, 0.0629, 0.1416, 0.2766, 0.0956, 0.1749],
        [0.0737, 0.1165, 0.0613, 0.0661, 0.1568, 0.2289, 0.1034, 0.1932],
        [0.0653, 0.1680, 0.0412, 0.0497, 0.1094, 0.2054, 0.1215, 0.2395],
        [0.0989, 0.1097, 0.0891, 0.0936, 0.1521, 0.2175, 0.1124, 0.1267],
        [0.1047, 0.1227, 0.0797, 0.0875, 0.1474, 0.2101, 0.1189, 0.1289],
        [0.0876, 0.1817, 0.0732, 0.0742, 0.1618, 0.1967, 0.0869, 0.1378],
        [0.0851, 0.1873, 0.0742, 0.0778, 0.2190, 0.1411, 0.0995, 0.1160],
        [0.1108, 0.1317, 0.1069, 0.1035, 0.1319, 0.1608, 0.1147, 0.1396],
        [0.1048, 0.1405, 0.0952, 0.1004, 0.1589, 0.1668, 0.1188, 0.1147],
        [0.1052, 0.1397, 0.0884, 0.0926, 0.1722, 0.1577, 0.1063, 0.1379],
        [0.1063, 0.1465, 0.0858, 0.0998, 0.1326, 0.1456, 0.1382, 0.1451],
        [0.0967, 0.1649, 0.0953, 0.0991, 0.1359, 0.1574, 0.0986, 0.1521]],
       device='cuda:0', requires_grad=True)
2022-04-13 13:33:42,986 alphas-reduce
2022-04-13 13:33:42,987 tensor([[0.1057, 0.1746, 0.0996, 0.1206, 0.1765, 0.1336, 0.0920, 0.0975],
        [0.1091, 0.1834, 0.0955, 0.1071, 0.1699, 0.1177, 0.1041, 0.1132],
        [0.1189, 0.1506, 0.1278, 0.1199, 0.1378, 0.1307, 0.1141, 0.1002],
        [0.1156, 0.1506, 0.1125, 0.1219, 0.1262, 0.1404, 0.1143, 0.1185],
        [0.1029, 0.1791, 0.1064, 0.1023, 0.1159, 0.1601, 0.1169, 0.1164],
        [0.1228, 0.1368, 0.1238, 0.1255, 0.1215, 0.1233, 0.1212, 0.1251],
        [0.1205, 0.1516, 0.1239, 0.1199, 0.1325, 0.1223, 0.1152, 0.1141],
        [0.1158, 0.1617, 0.1175, 0.1145, 0.1176, 0.1399, 0.1157, 0.1174],
        [0.1134, 0.1635, 0.1233, 0.1144, 0.1295, 0.1297, 0.1154, 0.1107],
        [0.1227, 0.1324, 0.1237, 0.1208, 0.1276, 0.1231, 0.1248, 0.1250],
        [0.1224, 0.1380, 0.1232, 0.1198, 0.1260, 0.1200, 0.1259, 0.1246],
        [0.1168, 0.1549, 0.1220, 0.1209, 0.1228, 0.1228, 0.1190, 0.1209],
        [0.1140, 0.1552, 0.1245, 0.1191, 0.1281, 0.1186, 0.1199, 0.1206],
        [0.1164, 0.1559, 0.1310, 0.1217, 0.1100, 0.1220, 0.1271, 0.1159]],
       device='cuda:0', requires_grad=True)
2022-04-13 13:33:42,998 edges-normal
2022-04-13 13:33:42,999 tensor([0.4114, 0.5886, 0.2284, 0.2674, 0.5043, 0.2022, 0.1541, 0.2519, 0.3918,
        0.1437, 0.1872, 0.1890, 0.2083, 0.2719], device='cuda:0',
       requires_grad=True)
2022-04-13 13:33:43,003 edges-reduce
2022-04-13 13:33:43,004 tensor([0.5218, 0.4782, 0.3086, 0.2706, 0.4208, 0.2165, 0.2286, 0.2726, 0.2823,
        0.1896, 0.1469, 0.2242, 0.2289, 0.2105], device='cuda:0',
       requires_grad=True)
2022-04-13 13:33:43,008 genotype = Genotype(normal=[('sep_conv_5x5', 1), ('sep_conv_5x5', 0), ('dil_conv_5x5', 2), ('sep_conv_5x5', 0), ('sep_conv_3x3', 3), ('sep_conv_5x5', 2), ('max_pool_3x3', 4), ('sep_conv_3x3', 2)], normal_concat=range(2, 6), reduce=[('sep_conv_3x3', 0), ('max_pool_3x3', 1), ('max_pool_3x3', 2), ('max_pool_3x3', 0), ('max_pool_3x3', 3), ('max_pool_3x3', 2), ('max_pool_3x3', 3), ('max_pool_3x3', 2)], reduce_concat=range(2, 6))
2022-04-13 13:33:43,199 valid 000 8.370976e-01 75.000000 97.656250
2022-04-13 13:33:51,745 valid 050 8.943937e-01 68.091299 97.656250
2022-04-13 13:34:00,463 valid 100 8.894346e-01 68.432859 97.787748
2022-04-13 13:34:10,139 valid 150 8.903129e-01 68.274007 97.811465
2022-04-13 13:34:19,597 valid_acc 68.168000
2022-04-13 13:34:21,633 epoch 9 lr 9.221640e-02
2022-04-13 13:34:23,371 train 000 7.711788e-01 72.656250 97.656250
2022-04-13 13:35:50,082 train 050 6.871163e-01 75.888480 98.651961
2022-04-13 13:37:17,578 train 100 6.959325e-01 75.665223 98.654084
2022-04-13 13:38:43,737 train 150 6.874955e-01 75.781250 98.737583
2022-04-13 13:40:00,976 train_acc 75.752000
2022-04-13 13:40:00,987 alphas-normal
2022-04-13 13:40:00,989 tensor([[0.0510, 0.1082, 0.0336, 0.0361, 0.1833, 0.3360, 0.1114, 0.1405],
        [0.0307, 0.1341, 0.0281, 0.0422, 0.2472, 0.2303, 0.1423, 0.1451],
        [0.0704, 0.1066, 0.0637, 0.0609, 0.1664, 0.2801, 0.0892, 0.1626],
        [0.0692, 0.1152, 0.0593, 0.0660, 0.1550, 0.2335, 0.1021, 0.1996],
        [0.0633, 0.1774, 0.0368, 0.0462, 0.1111, 0.2103, 0.1185, 0.2364],
        [0.0971, 0.1110, 0.0871, 0.0916, 0.1524, 0.2244, 0.1150, 0.1214],
