[2022-04-13 12:50:45,834][root][INFO] - gpu device = 0
[2022-04-13 12:50:45,873][root][INFO] - args = {'flags': {'readonly': None, 'struct': False}, '_resolver_cache': defaultdict(<class 'dict'>, {}), 'content': {'run': {'s3_bucket': None, 'seed': 1021, 'data': '/home/chatzimichailid/darts/AutoML_rebuttal/gaea_release/cnn/datka', 'dataset': 'cifar100', 'epochs': 50, 'scheduler_epochs': 50, 'n_threads_data': 0, 'autodl': '/home/chatzimichailid/darts/AutoML_rebuttal/gaea_release/cnn/code/AutoDL', 'report_freq': 50, 'test_code': False, 'gpu': 0}, 'search': {'single_level': False, 'exclude_zero': False, 'track_running_stats': True, 'method': 'eedarts', 'search_space': 'pcdarts', 'nodes': 4, 'arch_grad_clip': None, 'train_portion': 0.5, 'arch_learning_rate': 0.1, 'edge_learning_rate': 0.1, 'discrete': False, 'adapt_lr': False, 'arch_weight_decay': 0.0, 'gd': False, 'learn_edges': True, 'trace_norm': 8}, 'train': {'scheduler': 'cosine', 'lr_anneal_cycles': 1, 'smooth_cross_entropy': False, 'batch_size': 128, 'learning_rate': 0.1, 'learning_rate_min': 0.0, 'momentum': 0.9, 'weight_decay': 0.0003, 'init_channels': 16, 'layers': 8, 'cutout': False, 'auxiliary': False, 'auxiliary_weight': 0.4, 'drop_path_prob': 0, 'grad_clip': 5}}, 'parent': None}
[2022-04-13 12:50:51,873][root][INFO] - param size = 0.322708MB
[2022-04-13 12:50:51,902][root][INFO] - [Errno 2] No such file or directory: '/home/chatzimichailid/darts/AutoML_rebuttal/gaea_release/cnn/data/search-pcdarts-eedarts-cifar100-1021/model.ckpt'
[2022-04-13 12:50:51,904][root][INFO] - epoch 0 lr 1.000000e-01
[2022-04-13 12:50:54,295][root][INFO] - train 000 4.624084e+00 0.781250 1.562500
[2022-04-13 12:52:21,686][root][INFO] - train 050 4.283547e+00 4.810049 17.830882
[2022-04-13 12:53:49,849][root][INFO] - train 100 4.144824e+00 6.072092 22.277228
[2022-04-13 12:55:18,038][root][INFO] - train 150 4.061604e+00 7.134727 25.000000
[2022-04-13 12:56:37,068][root][INFO] - train_acc 7.756000
[2022-04-13 12:56:37,070][root][INFO] - alphas-normal
[2022-04-13 12:56:37,071][root][INFO] - tensor([[0.1158, 0.1502, 0.1224, 0.1188, 0.1196, 0.1250, 0.1241, 0.1241],
        [0.1178, 0.1432, 0.1215, 0.1208, 0.1237, 0.1268, 0.1213, 0.1250],
        [0.1210, 0.1354, 0.1223, 0.1207, 0.1239, 0.1260, 0.1270, 0.1237],
        [0.1220, 0.1327, 0.1242, 0.1235, 0.1248, 0.1270, 0.1235, 0.1222],
        [0.1224, 0.1342, 0.1250, 0.1228, 0.1261, 0.1229, 0.1222, 0.1243],
        [0.1228, 0.1294, 0.1223, 0.1220, 0.1252, 0.1277, 0.1262, 0.1243],
        [0.1229, 0.1281, 0.1243, 0.1240, 0.1230, 0.1246, 0.1263, 0.1267],
        [0.1234, 0.1300, 0.1249, 0.1242, 0.1239, 0.1244, 0.1242, 0.1251],
        [0.1236, 0.1311, 0.1264, 0.1244, 0.1230, 0.1246, 0.1240, 0.1231],
        [0.1238, 0.1292, 0.1260, 0.1257, 0.1234, 0.1247, 0.1239, 0.1233],
        [0.1247, 0.1271, 0.1239, 0.1241, 0.1241, 0.1254, 0.1253, 0.1255],
        [0.1242, 0.1278, 0.1248, 0.1244, 0.1258, 0.1248, 0.1239, 0.1243],
        [0.1235, 0.1283, 0.1255, 0.1241, 0.1267, 0.1242, 0.1238, 0.1241],
        [0.1238, 0.1291, 0.1271, 0.1247, 0.1237, 0.1266, 0.1227, 0.1224]],
       device='cuda:0', requires_grad=True)
[2022-04-13 12:56:37,101][root][INFO] - alphas-reduce
[2022-04-13 12:56:37,102][root][INFO] - tensor([[0.1244, 0.1268, 0.1249, 0.1242, 0.1234, 0.1282, 0.1245, 0.1237],
        [0.1245, 0.1288, 0.1259, 0.1248, 0.1230, 0.1255, 0.1246, 0.1228],
        [0.1246, 0.1257, 0.1252, 0.1244, 0.1246, 0.1251, 0.1256, 0.1248],
        [0.1244, 0.1261, 0.1250, 0.1241, 0.1250, 0.1250, 0.1245, 0.1259],
        [0.1247, 0.1262, 0.1233, 0.1243, 0.1251, 0.1259, 0.1249, 0.1257],
        [0.1249, 0.1248, 0.1250, 0.1252, 0.1251, 0.1246, 0.1249, 0.1255],
        [0.1247, 0.1254, 0.1248, 0.1246, 0.1253, 0.1257, 0.1248, 0.1248],
        [0.1248, 0.1263, 0.1248, 0.1251, 0.1243, 0.1249, 0.1254, 0.1243],
        [0.1246, 0.1262, 0.1247, 0.1249, 0.1249, 0.1253, 0.1249, 0.1246],
        [0.1248, 0.1255, 0.1256, 0.1244, 0.1251, 0.1250, 0.1247, 0.1248],
        [0.1250, 0.1251, 0.1248, 0.1250, 0.1253, 0.1249, 0.1247, 0.1252],
        [0.1245, 0.1264, 0.1251, 0.1249, 0.1246, 0.1240, 0.1253, 0.1252],
        [0.1244, 0.1266, 0.1252, 0.1247, 0.1249, 0.1244, 0.1253, 0.1245],
        [0.1247, 0.1268, 0.1254, 0.1249, 0.1243, 0.1246, 0.1246, 0.1247]],
       device='cuda:0', requires_grad=True)
[2022-04-13 12:56:37,113][root][INFO] - edges-normal
[2022-04-13 12:56:37,114][root][INFO] - tensor([0.5480, 0.4520, 0.3803, 0.2979, 0.3217, 0.2577, 0.2462, 0.2499, 0.2462,
        0.1936, 0.1734, 0.2105, 0.2136, 0.2089], device='cuda:0',
       requires_grad=True)
[2022-04-13 12:56:37,118][root][INFO] - edges-reduce
[2022-04-13 12:56:37,119][root][INFO] - tensor([0.5113, 0.4887, 0.3447, 0.3096, 0.3457, 0.2547, 0.2523, 0.2435, 0.2496,
        0.1995, 0.1864, 0.2063, 0.2059, 0.2020], device='cuda:0',
       requires_grad=True)
[2022-04-13 12:56:37,123][root][INFO] - genotype = Genotype(normal=[('max_pool_3x3', 0), ('max_pool_3x3', 1), ('max_pool_3x3', 0), ('max_pool_3x3', 2), ('max_pool_3x3', 0), ('max_pool_3x3', 2), ('max_pool_3x3', 3), ('max_pool_3x3', 4)], normal_concat=range(2, 6), reduce=[('sep_conv_5x5', 0), ('max_pool_3x3', 1), ('max_pool_3x3', 2), ('max_pool_3x3', 0), ('dil_conv_5x5', 0), ('sep_conv_5x5', 1), ('max_pool_3x3', 2), ('max_pool_3x3', 3)], reduce_concat=range(2, 6))
[2022-04-13 12:56:37,367][root][INFO] - valid 000 3.644064e+00 12.500000 37.500000
[2022-04-13 12:56:47,608][root][INFO] - valid 050 3.891810e+00 9.344363 31.173407
[2022-04-13 12:56:58,361][root][INFO] - valid 100 3.899156e+00 9.460087 30.638923
[2022-04-13 12:57:09,174][root][INFO] - valid 150 3.896868e+00 9.525041 30.779180
[2022-04-13 12:57:19,011][root][INFO] - valid_acc 9.532000
[2022-04-13 12:57:19,603][root][INFO] - epoch 1 lr 9.990134e-02
[2022-04-13 12:57:21,384][root][INFO] - train 000 3.978364e+00 10.937500 31.250000
[2022-04-13 12:58:48,754][root][INFO] - train 050 3.710381e+00 11.948529 35.340074
[2022-04-13 13:00:16,253][root][INFO] - train 100 3.673686e+00 12.438119 36.695545
[2022-04-13 13:01:44,023][root][INFO] - train 150 3.645183e+00 12.655215 37.629346
[2022-04-13 13:03:02,645][root][INFO] - train_acc 13.120000
[2022-04-13 13:03:02,647][root][INFO] - alphas-normal
[2022-04-13 13:03:02,648][root][INFO] - tensor([[0.0977, 0.1771, 0.0970, 0.0931, 0.1195, 0.1474, 0.1261, 0.1422],
        [0.0945, 0.1790, 0.1175, 0.1092, 0.1154, 0.1531, 0.1131, 0.1182],
        [0.1119, 0.1550, 0.1101, 0.1073, 0.1227, 0.1368, 0.1267, 0.1295],
        [0.1152, 0.1538, 0.1229, 0.1201, 0.1213, 0.1336, 0.1165, 0.1166],
        [0.1151, 0.1496, 0.1214, 0.1145, 0.1236, 0.1298, 0.1150, 0.1310],
        [0.1176, 0.1376, 0.1168, 0.1157, 0.1263, 0.1352, 0.1243, 0.1265],
        [0.1185, 0.1375, 0.1241, 0.1218, 0.1225, 0.1254, 0.1236, 0.1266],
        [0.1186, 0.1411, 0.1257, 0.1203, 0.1225, 0.1264, 0.1234, 0.1219],
        [0.1193, 0.1434, 0.1282, 0.1215, 0.1207, 0.1247, 0.1220, 0.1201],
        [0.1219, 0.1362, 0.1243, 0.1235, 0.1216, 0.1253, 0.1229, 0.1243],
        [0.1226, 0.1319, 0.1223, 0.1219, 0.1229, 0.1261, 0.1262, 0.1261],
        [0.1219, 0.1359, 0.1250, 0.1219, 0.1271, 0.1244, 0.1201, 0.1236],
        [0.1200, 0.1375, 0.1260, 0.1213, 0.1272, 0.1226, 0.1223, 0.1230],
        [0.1211, 0.1385, 0.1295, 0.1230, 0.1219, 0.1257, 0.1197, 0.1206]],
       device='cuda:0', requires_grad=True)
[2022-04-13 13:03:02,660][root][INFO] - alphas-reduce
[2022-04-13 13:03:02,661][root][INFO] - tensor([[0.1219, 0.1281, 0.1209, 0.1237, 0.1216, 0.1300, 0.1280, 0.1259],
        [0.1230, 0.1332, 0.1226, 0.1242, 0.1202, 0.1265, 0.1276, 0.1228],
        [0.1245, 0.1266, 0.1248, 0.1220, 0.1246, 0.1262, 0.1272, 0.1242],
        [0.1226, 0.1279, 0.1235, 0.1237, 0.1245, 0.1242, 0.1249, 0.1287],
        [0.1224, 0.1310, 0.1225, 0.1225, 0.1229, 0.1257, 0.1244, 0.1286],
        [0.1248, 0.1256, 0.1252, 0.1246, 0.1259, 0.1249, 0.1240, 0.1251],
        [0.1241, 0.1269, 0.1245, 0.1242, 0.1256, 0.1266, 0.1241, 0.1241],
        [0.1235, 0.1306, 0.1252, 0.1250, 0.1226, 0.1247, 0.1256, 0.1228],
        [0.1227, 0.1308, 0.1253, 0.1242, 0.1242, 0.1250, 0.1241, 0.1237],
        [0.1246, 0.1259, 0.1256, 0.1238, 0.1260, 0.1255, 0.1240, 0.1246],
        [0.1247, 0.1257, 0.1248, 0.1252, 0.1254, 0.1247, 0.1240, 0.1254],
        [0.1234, 0.1302, 0.1257, 0.1244, 0.1234, 0.1227, 0.1258, 0.1244],
        [0.1230, 0.1315, 0.1264, 0.1240, 0.1240, 0.1228, 0.1253, 0.1230],
        [0.1234, 0.1315, 0.1266, 0.1243, 0.1230, 0.1245, 0.1236, 0.1232]],
       device='cuda:0', requires_grad=True)
[2022-04-13 13:03:02,673][root][INFO] - edges-normal
[2022-04-13 13:03:02,674][root][INFO] - tensor([0.5163, 0.4837, 0.3912, 0.2801, 0.3287, 0.2415, 0.2294, 0.2745, 0.2546,
        0.1880, 0.1533, 0.2187, 0.2274, 0.2126], device='cuda:0',
       requires_grad=True)
[2022-04-13 13:03:02,678][root][INFO] - edges-reduce
[2022-04-13 13:03:02,679][root][INFO] - tensor([0.4764, 0.5236, 0.3180, 0.3052, 0.3768, 0.2272, 0.2498, 0.2564, 0.2666,
        0.1918, 0.1739, 0.2117, 0.2140, 0.2087], device='cuda:0',
       requires_grad=True)
[2022-04-13 13:03:02,684][root][INFO] - genotype = Genotype(normal=[('max_pool_3x3', 0), ('max_pool_3x3', 1), ('max_pool_3x3', 0), ('max_pool_3x3', 2), ('max_pool_3x3', 2), ('max_pool_3x3', 3), ('max_pool_3x3', 3), ('max_pool_3x3', 2)], normal_concat=range(2, 6), reduce=[('max_pool_3x3', 1), ('sep_conv_5x5', 0), ('max_pool_3x3', 2), ('dil_conv_3x3', 0), ('max_pool_3x3', 3), ('max_pool_3x3', 2), ('max_pool_3x3', 3), ('max_pool_3x3', 2)], reduce_concat=range(2, 6))
[2022-04-13 13:03:02,880][root][INFO] - valid 000 3.639706e+00 15.625000 39.843750
[2022-04-13 13:03:13,685][root][INFO] - valid 050 3.582540e+00 14.338235 40.609681
[2022-04-13 13:03:24,373][root][INFO] - valid 100 3.572751e+00 14.286819 40.431621
[2022-04-13 13:03:34,868][root][INFO] - valid 150 3.569653e+00 14.424669 40.324917
[2022-04-13 13:03:44,254][root][INFO] - valid_acc 14.220000
[2022-04-13 13:03:44,900][root][INFO] - epoch 2 lr 9.960574e-02
[2022-04-13 13:03:46,641][root][INFO] - train 000 3.413447e+00 17.187500 42.187500
[2022-04-13 13:05:13,897][root][INFO] - train 050 3.405228e+00 16.161152 44.515931
[2022-04-13 13:06:41,359][root][INFO] - train 100 3.377683e+00 17.071473 45.366646
[2022-04-13 13:08:08,804][root][INFO] - train 150 3.342108e+00 17.518626 46.450745
[2022-04-13 13:09:27,565][root][INFO] - train_acc 18.044000
[2022-04-13 13:09:27,567][root][INFO] - alphas-normal
[2022-04-13 13:09:27,567][root][INFO] - tensor([[0.0691, 0.2039, 0.0720, 0.0661, 0.0994, 0.2037, 0.1127, 0.1731],
        [0.0691, 0.2188, 0.1040, 0.0860, 0.1079, 0.1965, 0.0971, 0.1205],
        [0.0989, 0.1799, 0.1018, 0.0961, 0.1140, 0.1543, 0.1256, 0.1295],
        [0.1086, 0.1826, 0.1258, 0.1173, 0.1131, 0.1333, 0.1064, 0.1128],
        [0.1026, 0.1667, 0.1217, 0.1043, 0.1227, 0.1430, 0.1055, 0.1336],
        [0.1120, 0.1495, 0.1157, 0.1122, 0.1277, 0.1374, 0.1198, 0.1257],
        [0.1142, 0.1471, 0.1253, 0.1192, 0.1231, 0.1249, 0.1191, 0.1272],
        [0.1106, 0.1559, 0.1285, 0.1150, 0.1183, 0.1257, 0.1188, 0.1271],
        [0.1133, 0.1577, 0.1320, 0.1175, 0.1157, 0.1243, 0.1210, 0.1184],
        [0.1197, 0.1423, 0.1233, 0.1218, 0.1202, 0.1251, 0.1224, 0.1251],
        [0.1213, 0.1352, 0.1215, 0.1203, 0.1232, 0.1284, 0.1251, 0.1250],
        [0.1177, 0.1456, 0.1253, 0.1179, 0.1281, 0.1259, 0.1178, 0.1218],
        [0.1156, 0.1489, 0.1273, 0.1175, 0.1294, 0.1211, 0.1190, 0.1212],
        [0.1176, 0.1497, 0.1325, 0.1206, 0.1193, 0.1249, 0.1169, 0.1184]],
       device='cuda:0', requires_grad=True)
[2022-04-13 13:09:27,580][root][INFO] - alphas-reduce
[2022-04-13 13:09:27,581][root][INFO] - tensor([[0.1185, 0.1342, 0.1196, 0.1148, 0.1246, 0.1278, 0.1380, 0.1225],
        [0.1202, 0.1319, 0.1145, 0.1212, 0.1221, 0.1291, 0.1328, 0.1282],
        [0.1229, 0.1290, 0.1246, 0.1206, 0.1232, 0.1272, 0.1276, 0.1249],
        [0.1219, 0.1285, 0.1210, 0.1220, 0.1247, 0.1253, 0.1245, 0.1322],
        [0.1165, 0.1426, 0.1236, 0.1198, 0.1240, 0.1256, 0.1213, 0.1267],
        [0.1243, 0.1264, 0.1245, 0.1246, 0.1262, 0.1248, 0.1242, 0.1250],
        [0.1235, 0.1272, 0.1228, 0.1232, 0.1258, 0.1294, 0.1236, 0.1245],
        [0.1213, 0.1381, 0.1263, 0.1244, 0.1221, 0.1240, 0.1230, 0.1208],
        [0.1198, 0.1390, 0.1271, 0.1230, 0.1232, 0.1258, 0.1218, 0.1202],
        [0.1245, 0.1274, 0.1260, 0.1229, 0.1270, 0.1250, 0.1232, 0.1242],
        [0.1247, 0.1268, 0.1247, 0.1251, 0.1256, 0.1242, 0.1230, 0.1260],
        [0.1213, 0.1359, 0.1271, 0.1240, 0.1214, 0.1208, 0.1256, 0.1238],
        [0.1205, 0.1389, 0.1289, 0.1234, 0.1230, 0.1210, 0.1246, 0.1197],
        [0.1212, 0.1391, 0.1293, 0.1237, 0.1210, 0.1241, 0.1205, 0.1211]],
       device='cuda:0', requires_grad=True)
[2022-04-13 13:09:27,592][root][INFO] - edges-normal
[2022-04-13 13:09:27,593][root][INFO] - tensor([0.4704, 0.5296, 0.3442, 0.2606, 0.3952, 0.2151, 0.2201, 0.3064, 0.2585,
        0.1508, 0.1422, 0.2459, 0.2442, 0.2170], device='cuda:0',
       requires_grad=True)
[2022-04-13 13:09:27,597][root][INFO] - edges-reduce
[2022-04-13 13:09:27,598][root][INFO] - tensor([0.4930, 0.5070, 0.3188, 0.2786, 0.4025, 0.2169, 0.2324, 0.2670, 0.2837,
        0.1805, 0.1487, 0.2208, 0.2296, 0.2204], device='cuda:0',
       requires_grad=True)
[2022-04-13 13:09:27,603][root][INFO] - genotype = Genotype(normal=[('max_pool_3x3', 1), ('max_pool_3x3', 0), ('max_pool_3x3', 2), ('max_pool_3x3', 0), ('max_pool_3x3', 2), ('max_pool_3x3', 3), ('max_pool_3x3', 3), ('max_pool_3x3', 2)], normal_concat=range(2, 6), reduce=[('dil_conv_3x3', 0), ('dil_conv_3x3', 1), ('max_pool_3x3', 2), ('max_pool_3x3', 0), ('max_pool_3x3', 3), ('max_pool_3x3', 2), ('max_pool_3x3', 3), ('max_pool_3x3', 4)], reduce_concat=range(2, 6))
[2022-04-13 13:09:27,835][root][INFO] - valid 000 3.224176e+00 19.531250 50.000000
[2022-04-13 13:09:38,610][root][INFO] - valid 050 3.262355e+00 19.531250 47.732843
[2022-04-13 13:09:49,256][root][INFO] - valid 100 3.257406e+00 19.477104 48.267327
[2022-04-13 13:09:59,718][root][INFO] - valid 150 3.248933e+00 19.603684 48.489238
[2022-04-13 13:10:09,082][root][INFO] - valid_acc 19.628000
[2022-04-13 13:10:10,022][root][INFO] - epoch 3 lr 9.911436e-02
[2022-04-13 13:10:11,781][root][INFO] - train 000 3.099545e+00 27.343750 51.562500
[2022-04-13 13:11:39,247][root][INFO] - train 050 3.116929e+00 22.074142 53.063725
[2022-04-13 13:13:07,058][root][INFO] - train 100 3.098501e+00 21.836324 52.985767
[2022-04-13 13:14:34,743][root][INFO] - train 150 3.078969e+00 22.195778 53.595820
[2022-04-13 13:15:53,525][root][INFO] - train_acc 22.532000
[2022-04-13 13:15:53,527][root][INFO] - alphas-normal
[2022-04-13 13:15:53,528][root][INFO] - tensor([[0.0547, 0.2367, 0.0491, 0.0454, 0.0908, 0.2313, 0.0923, 0.1996],
        [0.0480, 0.2387, 0.0708, 0.0583, 0.1098, 0.2692, 0.0822, 0.1230],
        [0.0900, 0.2148, 0.0909, 0.0847, 0.1149, 0.1674, 0.1172, 0.1201],
        [0.1034, 0.2015, 0.1195, 0.1109, 0.1072, 0.1401, 0.1008, 0.1166],
        [0.0939, 0.1744, 0.1066, 0.0921, 0.1290, 0.1608, 0.0963, 0.1470],
        [0.1081, 0.1608, 0.1123, 0.1074, 0.1278, 0.1383, 0.1178, 0.1274],
        [0.1106, 0.1542, 0.1240, 0.1168, 0.1216, 0.1267, 0.1175, 0.1286],
        [0.1038, 0.1641, 0.1218, 0.1063, 0.1232, 0.1309, 0.1163, 0.1335],
        [0.1083, 0.1686, 0.1308, 0.1120, 0.1099, 0.1309, 0.1203, 0.1191],
        [0.1196, 0.1457, 0.1211, 0.1195, 0.1198, 0.1239, 0.1230, 0.1274],
        [0.1207, 0.1349, 0.1186, 0.1181, 0.1250, 0.1313, 0.1246, 0.1269],
        [0.1154, 0.1526, 0.1197, 0.1120, 0.1298, 0.1320, 0.1168, 0.1216],
        [0.1120, 0.1565, 0.1217, 0.1120, 0.1298, 0.1249, 0.1179, 0.1251],
        [0.1164, 0.1565, 0.1292, 0.1181, 0.1200, 0.1269, 0.1155, 0.1174]],
       device='cuda:0', requires_grad=True)
[2022-04-13 13:15:53,539][root][INFO] - alphas-reduce
[2022-04-13 13:15:53,540][root][INFO] - tensor([[0.1150, 0.1439, 0.1188, 0.1087, 0.1256, 0.1260, 0.1448, 0.1172],
        [0.1150, 0.1387, 0.1101, 0.1176, 0.1184, 0.1336, 0.1386, 0.1280],
        [0.1232, 0.1338, 0.1253, 0.1198, 0.1235, 0.1247, 0.1255, 0.1241],
        [0.1207, 0.1316, 0.1203, 0.1197, 0.1242, 0.1261, 0.1235, 0.1339],
        [0.1141, 0.1531, 0.1195, 0.1154, 0.1212, 0.1331, 0.1147, 0.1289],
        [0.1238, 0.1278, 0.1242, 0.1251, 0.1271, 0.1242, 0.1233, 0.1245],
        [0.1232, 0.1272, 0.1216, 0.1227, 0.1258, 0.1317, 0.1228, 0.1250],
        [0.1199, 0.1440, 0.1240, 0.1225, 0.1205, 0.1253, 0.1226, 0.1212],
        [0.1179, 0.1463, 0.1269, 0.1218, 0.1244, 0.1247, 0.1189, 0.1192],
        [0.1244, 0.1281, 0.1264, 0.1222, 0.1276, 0.1245, 0.1229, 0.1239],
        [0.1244, 0.1271, 0.1245, 0.1251, 0.1263, 0.1241, 0.1226, 0.1259],
        [0.1205, 0.1400, 0.1259, 0.1233, 0.1201, 0.1188, 0.1259, 0.1255],
        [0.1187, 0.1435, 0.1280, 0.1224, 0.1238, 0.1210, 0.1244, 0.1182],
        [0.1197, 0.1440, 0.1290, 0.1229, 0.1202, 0.1244, 0.1183, 0.1215]],
       device='cuda:0', requires_grad=True)
[2022-04-13 13:15:53,552][root][INFO] - edges-normal
[2022-04-13 13:15:53,554][root][INFO] - tensor([0.4323, 0.5677, 0.3434, 0.2175, 0.4391, 0.1979, 0.1887, 0.3440, 0.2693,
        0.1244, 0.1325, 0.2646, 0.2613, 0.2173], device='cuda:0',
       requires_grad=True)
[2022-04-13 13:15:53,557][root][INFO] - edges-reduce
[2022-04-13 13:15:53,558][root][INFO] - tensor([0.5045, 0.4955, 0.3000, 0.2611, 0.4389, 0.2098, 0.2150, 0.2845, 0.2907,
        0.1713, 0.1354, 0.2288, 0.2374, 0.2272], device='cuda:0',
       requires_grad=True)
[2022-04-13 13:15:53,562][root][INFO] - genotype = Genotype(normal=[('sep_conv_5x5', 1), ('max_pool_3x3', 0), ('max_pool_3x3', 2), ('max_pool_3x3', 0), ('max_pool_3x3', 2), ('max_pool_3x3', 3), ('max_pool_3x3', 3), ('max_pool_3x3', 2)], normal_concat=range(2, 6), reduce=[('dil_conv_3x3', 0), ('max_pool_3x3', 1), ('max_pool_3x3', 2), ('max_pool_3x3', 0), ('max_pool_3x3', 3), ('max_pool_3x3', 2), ('max_pool_3x3', 3), ('max_pool_3x3', 4)], reduce_concat=range(2, 6))
[2022-04-13 13:15:53,803][root][INFO] - valid 000 2.837864e+00 26.562500 55.468750
[2022-04-13 13:16:04,599][root][INFO] - valid 050 3.116578e+00 21.905637 53.278186
[2022-04-13 13:16:15,207][root][INFO] - valid 100 3.106417e+00 21.944616 53.171411
[2022-04-13 13:16:25,692][root][INFO] - valid 150 3.105525e+00 21.719785 53.202608
[2022-04-13 13:16:35,024][root][INFO] - valid_acc 21.648000
[2022-04-13 13:16:36,197][root][INFO] - epoch 4 lr 9.842916e-02
[2022-04-13 13:16:37,954][root][INFO] - train 000 2.847886e+00 24.218750 57.031250
[2022-04-13 13:18:04,907][root][INFO] - train 050 2.909737e+00 25.459559 57.061887
[2022-04-13 13:19:32,372][root][INFO] - train 100 2.904654e+00 25.850866 57.619121
[2022-04-13 13:20:59,765][root][INFO] - train 150 2.892781e+00 25.972682 57.952194
[2022-04-13 13:22:18,504][root][INFO] - train_acc 26.212000
[2022-04-13 13:22:18,506][root][INFO] - alphas-normal
[2022-04-13 13:22:18,507][root][INFO] - tensor([[0.0441, 0.2555, 0.0378, 0.0360, 0.0967, 0.2187, 0.0827, 0.2285],
        [0.0333, 0.2522, 0.0586, 0.0436, 0.1026, 0.2911, 0.0732, 0.1454],
        [0.0859, 0.2451, 0.0859, 0.0804, 0.1122, 0.1659, 0.1104, 0.1143],
        [0.0995, 0.2102, 0.1154, 0.1042, 0.1101, 0.1473, 0.0955, 0.1178],
        [0.0811, 0.1777, 0.0914, 0.0790, 0.1353, 0.1748, 0.0924, 0.1684],
        [0.1057, 0.1658, 0.1085, 0.1044, 0.1286, 0.1428, 0.1156, 0.1287],
        [0.1076, 0.1604, 0.1246, 0.1144, 0.1204, 0.1283, 0.1140, 0.1303],
        [0.0909, 0.1727, 0.1128, 0.0945, 0.1228, 0.1484, 0.1131, 0.1448],
        [0.1026, 0.1821, 0.1292, 0.1065, 0.1077, 0.1424, 0.1144, 0.1151],
        [0.1189, 0.1461, 0.1178, 0.1171, 0.1209, 0.1243, 0.1231, 0.1319],
        [0.1198, 0.1353, 0.1167, 0.1158, 0.1261, 0.1358, 0.1233, 0.1272],
        [0.1117, 0.1602, 0.1133, 0.1063, 0.1289, 0.1406, 0.1152, 0.1237],
        [0.1066, 0.1683, 0.1150, 0.1053, 0.1256, 0.1310, 0.1158, 0.1323],
        [0.1132, 0.1646, 0.1241, 0.1138, 0.1156, 0.1359, 0.1162, 0.1165]],
       device='cuda:0', requires_grad=True)
[2022-04-13 13:22:18,519][root][INFO] - alphas-reduce
[2022-04-13 13:22:18,520][root][INFO] - tensor([[0.1120, 0.1453, 0.1149, 0.1013, 0.1327, 0.1276, 0.1494, 0.1170],
        [0.1091, 0.1415, 0.1036, 0.1173, 0.1179, 0.1376, 0.1453, 0.1279],
        [0.1237, 0.1378, 0.1251, 0.1191, 0.1202, 0.1264, 0.1242, 0.1236],
        [0.1199, 0.1369, 0.1205, 0.1189, 0.1239, 0.1250, 0.1202, 0.1348],
        [0.1084, 0.1650, 0.1182, 0.1100, 0.1255, 0.1390, 0.1068, 0.1271],
        [0.1239, 0.1285, 0.1230, 0.1256, 0.1283, 0.1230, 0.1225, 0.1252],
        [0.1225, 0.1280, 0.1205, 0.1203, 0.1259, 0.1344, 0.1231, 0.1253],
        [0.1169, 0.1541, 0.1233, 0.1220, 0.1207, 0.1235, 0.1203, 0.1190],
        [0.1139, 0.1574, 0.1285, 0.1202, 0.1243, 0.1241, 0.1143, 0.1173],
        [0.1243, 0.1295, 0.1268, 0.1218, 0.1279, 0.1236, 0.1229, 0.1232],
        [0.1242, 0.1283, 0.1242, 0.1247, 0.1268, 0.1241, 0.1217, 0.1259],
        [0.1181, 0.1477, 0.1264, 0.1230, 0.1198, 0.1161, 0.1235, 0.1254],
        [0.1158, 0.1536, 0.1312, 0.1221, 0.1224, 0.1198, 0.1214, 0.1137],
        [0.1165, 0.1528, 0.1309, 0.1218, 0.1182, 0.1245, 0.1159, 0.1195]],
       device='cuda:0', requires_grad=True)
[2022-04-13 13:22:18,532][root][INFO] - edges-normal
[2022-04-13 13:22:18,533][root][INFO] - tensor([0.4681, 0.5319, 0.3338, 0.1905, 0.4757, 0.1759, 0.1651, 0.3982, 0.2608,
        0.1075, 0.1178, 0.2765, 0.2768, 0.2213], device='cuda:0',
       requires_grad=True)
[2022-04-13 13:22:18,537][root][INFO] - edges-reduce
[2022-04-13 13:22:18,538][root][INFO] - tensor([0.4931, 0.5069, 0.2757, 0.2407, 0.4837, 0.1908, 0.1964, 0.3016, 0.3113,
        0.1588, 0.1211, 0.2332, 0.2451, 0.2418], device='cuda:0',
       requires_grad=True)
[2022-04-13 13:22:18,542][root][INFO] - genotype = Genotype(normal=[('sep_conv_5x5', 1), ('max_pool_3x3', 0), ('max_pool_3x3', 2), ('max_pool_3x3', 0), ('max_pool_3x3', 2), ('max_pool_3x3', 3), ('max_pool_3x3', 3), ('max_pool_3x3', 2)], normal_concat=range(2, 6), reduce=[('dil_conv_3x3', 0), ('dil_conv_3x3', 1), ('max_pool_3x3', 2), ('max_pool_3x3', 0), ('max_pool_3x3', 3), ('max_pool_3x3', 2), ('max_pool_3x3', 3), ('max_pool_3x3', 4)], reduce_concat=range(2, 6))
[2022-04-13 13:22:18,737][root][INFO] - valid 000 2.800058e+00 21.875000 60.156250
[2022-04-13 13:22:28,984][root][INFO] - valid 050 2.957609e+00 24.356618 56.387868
[2022-04-13 13:22:39,428][root][INFO] - valid 100 2.935956e+00 24.760210 56.992574
[2022-04-13 13:22:49,829][root][INFO] - valid 150 2.940474e+00 24.756829 56.679429
[2022-04-13 13:22:59,140][root][INFO] - valid_acc 24.704000
[2022-04-13 13:23:00,476][root][INFO] - epoch 5 lr 9.755283e-02
[2022-04-13 13:23:02,241][root][INFO] - train 000 2.691310e+00 35.937500 59.375000
[2022-04-13 13:24:29,903][root][INFO] - train 050 2.734926e+00 29.534314 62.362132
[2022-04-13 13:25:57,841][root][INFO] - train 100 2.738577e+00 29.030012 62.291151
[2022-04-13 13:27:25,515][root][INFO] - train 150 2.723402e+00 29.423634 62.412045
[2022-04-13 13:28:44,461][root][INFO] - train_acc 29.472000
[2022-04-13 13:28:44,463][root][INFO] - alphas-normal
[2022-04-13 13:28:44,464][root][INFO] - tensor([[0.0358, 0.2696, 0.0280, 0.0266, 0.1064, 0.2221, 0.0798, 0.2316],
        [0.0222, 0.2420, 0.0446, 0.0311, 0.0987, 0.3301, 0.0644, 0.1669],
        [0.0797, 0.2723, 0.0758, 0.0714, 0.1107, 0.1763, 0.1019, 0.1119],
        [0.0970, 0.2205, 0.1140, 0.1010, 0.1065, 0.1544, 0.0939, 0.1128],
        [0.0721, 0.1782, 0.0798, 0.0687, 0.1565, 0.1842, 0.0930, 0.1675],
        [0.1036, 0.1706, 0.1058, 0.1018, 0.1293, 0.1433, 0.1154, 0.1301],
        [0.1057, 0.1657, 0.1241, 0.1123, 0.1192, 0.1316, 0.1111, 0.1303],
        [0.0818, 0.1764, 0.1033, 0.0836, 0.1261, 0.1750, 0.1076, 0.1462],
        [0.0975, 0.1850, 0.1219, 0.0997, 0.1104, 0.1634, 0.1081, 0.1141],
        [0.1183, 0.1461, 0.1146, 0.1144, 0.1205, 0.1252, 0.1249, 0.1360],
        [0.1191, 0.1352, 0.1143, 0.1137, 0.1269, 0.1380, 0.1218, 0.1311],
        [0.1073, 0.1659, 0.1070, 0.1011, 0.1298, 0.1476, 0.1166, 0.1247],
        [0.1014, 0.1773, 0.1066, 0.0993, 0.1217, 0.1460, 0.1131, 0.1346],
        [0.1115, 0.1711, 0.1191, 0.1112, 0.1118, 0.1439, 0.1138, 0.1177]],
       device='cuda:0', requires_grad=True)
[2022-04-13 13:28:44,475][root][INFO] - alphas-reduce
[2022-04-13 13:28:44,477][root][INFO] - tensor([[0.1105, 0.1596, 0.1138, 0.0929, 0.1326, 0.1257, 0.1499, 0.1149],
        [0.1027, 0.1518, 0.1016, 0.1147, 0.1140, 0.1356, 0.1511, 0.1285],
        [0.1239, 0.1418, 0.1236, 0.1187, 0.1179, 0.1273, 0.1246, 0.1223],
        [0.1185, 0.1409, 0.1209, 0.1164, 0.1226, 0.1254, 0.1192, 0.1361],
        [0.1033, 0.1792, 0.1163, 0.1043, 0.1340, 0.1400, 0.0984, 0.1244],
        [0.1240, 0.1292, 0.1218, 0.1258, 0.1274, 0.1236, 0.1226, 0.1257],
        [0.1218, 0.1290, 0.1205, 0.1194, 0.1254, 0.1358, 0.1236, 0.1245],
        [0.1145, 0.1635, 0.1221, 0.1208, 0.1198, 0.1220, 0.1196, 0.1176],
        [0.1104, 0.1693, 0.1299, 0.1188, 0.1232, 0.1220, 0.1093, 0.1172],
        [0.1246, 0.1307, 0.1265, 0.1213, 0.1275, 0.1236, 0.1233, 0.1224],
        [0.1238, 0.1288, 0.1239, 0.1241, 0.1271, 0.1246, 0.1213, 0.1264],
        [0.1168, 0.1535, 0.1256, 0.1217, 0.1181, 0.1144, 0.1236, 0.1263],
        [0.1140, 0.1622, 0.1329, 0.1213, 0.1212, 0.1183, 0.1200, 0.1101],
        [0.1135, 0.1603, 0.1319, 0.1197, 0.1172, 0.1256, 0.1137, 0.1182]],
       device='cuda:0', requires_grad=True)
[2022-04-13 13:28:44,488][root][INFO] - edges-normal
[2022-04-13 13:28:44,489][root][INFO] - tensor([0.4310, 0.5690, 0.3333, 0.1888, 0.4779, 0.1612, 0.1798, 0.4082, 0.2509,
        0.0848, 0.1186, 0.2937, 0.2914, 0.2116], device='cuda:0',
       requires_grad=True)
[2022-04-13 13:28:44,493][root][INFO] - edges-reduce
[2022-04-13 13:28:44,494][root][INFO] - tensor([0.4036, 0.5964, 0.2375, 0.2460, 0.5165, 0.1652, 0.1911, 0.3141, 0.3296,
        0.1417, 0.1155, 0.2320, 0.2503, 0.2605], device='cuda:0',
       requires_grad=True)
[2022-04-13 13:28:44,498][root][INFO] - genotype = Genotype(normal=[('sep_conv_5x5', 1), ('max_pool_3x3', 0), ('max_pool_3x3', 0), ('sep_conv_5x5', 2), ('max_pool_3x3', 2), ('max_pool_3x3', 3), ('max_pool_3x3', 3), ('max_pool_3x3', 2)], normal_concat=range(2, 6), reduce=[('max_pool_3x3', 1), ('max_pool_3x3', 0), ('max_pool_3x3', 2), ('max_pool_3x3', 1), ('max_pool_3x3', 3), ('max_pool_3x3', 2), ('max_pool_3x3', 4), ('max_pool_3x3', 3)], reduce_concat=range(2, 6))
[2022-04-13 13:28:44,814][root][INFO] - valid 000 3.007756e+00 25.781250 58.593750
[2022-04-13 13:28:55,481][root][INFO] - valid 050 2.960403e+00 25.796569 57.291667
[2022-04-13 13:29:05,936][root][INFO] - valid 100 2.955760e+00 25.889542 57.657797
[2022-04-13 13:29:16,431][root][INFO] - valid 150 2.962663e+00 26.050290 57.481374
[2022-04-13 13:29:25,821][root][INFO] - valid_acc 26.232000
[2022-04-13 13:29:27,560][root][INFO] - epoch 6 lr 9.648882e-02
[2022-04-13 13:29:29,281][root][INFO] - train 000 2.626651e+00 28.906250 61.718750
[2022-04-13 13:30:56,018][root][INFO] - train 050 2.623830e+00 31.433824 64.813113
[2022-04-13 13:32:23,177][root][INFO] - train 100 2.608909e+00 31.559406 64.959777
[2022-04-13 13:33:50,763][root][INFO] - train 150 2.592140e+00 31.995033 65.304222
[2022-04-13 13:35:08,623][root][INFO] - train_acc 32.216000
[2022-04-13 13:35:08,625][root][INFO] - alphas-normal
[2022-04-13 13:35:08,626][root][INFO] - tensor([[0.0293, 0.2744, 0.0209, 0.0195, 0.0979, 0.2482, 0.0698, 0.2399],
        [0.0170, 0.2451, 0.0319, 0.0226, 0.1257, 0.3384, 0.0531, 0.1662],
        [0.0767, 0.2937, 0.0694, 0.0654, 0.1107, 0.1894, 0.0941, 0.1006],
        [0.0927, 0.2256, 0.1100, 0.0962, 0.1138, 0.1649, 0.0884, 0.1083],
        [0.0678, 0.1732, 0.0711, 0.0649, 0.1466, 0.2042, 0.0946, 0.1776],
        [0.1005, 0.1741, 0.1023, 0.0988, 0.1301, 0.1504, 0.1156, 0.1282],
        [0.1039, 0.1723, 0.1208, 0.1091, 0.1231, 0.1270, 0.1091, 0.1348],
        [0.0757, 0.1724, 0.0899, 0.0738, 0.1162, 0.1974, 0.1090, 0.1656],
        [0.0925, 0.1852, 0.1135, 0.0930, 0.1121, 0.1843, 0.1036, 0.1159],
        [0.1177, 0.1452, 0.1119, 0.1122, 0.1209, 0.1268, 0.1279, 0.1373],
        [0.1179, 0.1358, 0.1114, 0.1109, 0.1276, 0.1444, 0.1221, 0.1299],
        [0.1039, 0.1659, 0.0953, 0.0931, 0.1395, 0.1566, 0.1169, 0.1288],
        [0.0970, 0.1828, 0.0954, 0.0923, 0.1191, 0.1558, 0.1167, 0.1409],
        [0.1070, 0.1761, 0.1109, 0.1054, 0.1093, 0.1581, 0.1129, 0.1203]],
       device='cuda:0', requires_grad=True)
[2022-04-13 13:35:08,639][root][INFO] - alphas-reduce
[2022-04-13 13:35:08,641][root][INFO] - tensor([[0.1090, 0.1644, 0.1081, 0.0920, 0.1353, 0.1307, 0.1452, 0.1155],
        [0.0993, 0.1582, 0.1023, 0.1110, 0.1177, 0.1303, 0.1488, 0.1324],
        [0.1234, 0.1447, 0.1219, 0.1188, 0.1180, 0.1272, 0.1244, 0.1216],
        [0.1178, 0.1438, 0.1225, 0.1148, 0.1246, 0.1229, 0.1177, 0.1359],
        [0.0976, 0.1819, 0.1116, 0.0987, 0.1502, 0.1536, 0.0900, 0.1165],
        [0.1240, 0.1297, 0.1207, 0.1250, 0.1276, 0.1242, 0.1230, 0.1257],
        [0.1214, 0.1296, 0.1203, 0.1193, 0.1251, 0.1383, 0.1233, 0.1227],
        [0.1119, 0.1726, 0.1216, 0.1195, 0.1202, 0.1213, 0.1163, 0.1167],
        [0.1083, 0.1783, 0.1316, 0.1187, 0.1221, 0.1193, 0.1044, 0.1173],
        [0.1252, 0.1314, 0.1263, 0.1203, 0.1270, 0.1229, 0.1241, 0.1228],
        [0.1236, 0.1293, 0.1240, 0.1238, 0.1272, 0.1250, 0.1212, 0.1259],
        [0.1151, 0.1592, 0.1252, 0.1212, 0.1180, 0.1129, 0.1225, 0.1260],
        [0.1121, 0.1667, 0.1328, 0.1206, 0.1219, 0.1178, 0.1187, 0.1094],
        [0.1117, 0.1641, 0.1315, 0.1190, 0.1154, 0.1268, 0.1127, 0.1189]],
       device='cuda:0', requires_grad=True)
[2022-04-13 13:35:08,655][root][INFO] - edges-normal
[2022-04-13 13:35:08,656][root][INFO] - tensor([0.4416, 0.5584, 0.3348, 0.2147, 0.4506, 0.1663, 0.1886, 0.4006, 0.2444,
        0.0780, 0.1095, 0.3090, 0.2877, 0.2159], device='cuda:0',
       requires_grad=True)
[2022-04-13 13:35:08,661][root][INFO] - edges-reduce
[2022-04-13 13:35:08,662][root][INFO] - tensor([0.4270, 0.5730, 0.2361, 0.2350, 0.5288, 0.1567, 0.1875, 0.3263, 0.3295,
        0.1333, 0.1084, 0.2366, 0.2572, 0.2645], device='cuda:0',
       requires_grad=True)
[2022-04-13 13:35:08,667][root][INFO] - genotype = Genotype(normal=[('sep_conv_5x5', 1), ('max_pool_3x3', 0), ('max_pool_3x3', 0), ('sep_conv_5x5', 2), ('sep_conv_5x5', 2), ('max_pool_3x3', 3), ('max_pool_3x3', 3), ('max_pool_3x3', 2)], normal_concat=range(2, 6), reduce=[('max_pool_3x3', 1), ('max_pool_3x3', 0), ('max_pool_3x3', 2), ('max_pool_3x3', 0), ('max_pool_3x3', 3), ('max_pool_3x3', 2), ('max_pool_3x3', 4), ('max_pool_3x3', 3)], reduce_concat=range(2, 6))
[2022-04-13 13:35:08,894][root][INFO] - valid 000 2.629124e+00 32.812500 64.062500
[2022-04-13 13:35:19,483][root][INFO] - valid 050 2.676314e+00 29.748775 63.434436
[2022-04-13 13:35:29,900][root][INFO] - valid 100 2.675225e+00 30.259901 63.405012
[2022-04-13 13:35:40,315][root][INFO] - valid 150 2.671782e+00 30.235927 63.726200
[2022-04-13 13:35:49,666][root][INFO] - valid_acc 30.236000
[2022-04-13 13:35:51,302][root][INFO] - epoch 7 lr 9.524135e-02
[2022-04-13 13:35:53,070][root][INFO] - train 000 2.511529e+00 30.468750 66.406250
[2022-04-13 13:37:20,746][root][INFO] - train 050 2.486930e+00 33.287377 68.152574
[2022-04-13 13:38:47,788][root][INFO] - train 100 2.475606e+00 34.212562 68.022896
[2022-04-13 13:40:15,761][root][INFO] - train 150 2.461417e+00 34.752690 68.496482
[2022-04-13 13:41:34,501][root][INFO] - train_acc 35.080000
[2022-04-13 13:41:34,502][root][INFO] - alphas-normal
[2022-04-13 13:41:34,504][root][INFO] - tensor([[0.0247, 0.2729, 0.0144, 0.0138, 0.0859, 0.2536, 0.0825, 0.2524],
        [0.0128, 0.2492, 0.0272, 0.0181, 0.1369, 0.3346, 0.0532, 0.1681],
        [0.0714, 0.3014, 0.0563, 0.0543, 0.1161, 0.2040, 0.0950, 0.1015],
        [0.0888, 0.2241, 0.1050, 0.0911, 0.1158, 0.1841, 0.0849, 0.1063],
        [0.0633, 0.1749, 0.0670, 0.0614, 0.1225, 0.2262, 0.0937, 0.1910],
        [0.0975, 0.1748, 0.0963, 0.0943, 0.1335, 0.1587, 0.1134, 0.1314],
        [0.1039, 0.1730, 0.1163, 0.1056, 0.1284, 0.1284, 0.1098, 0.1346],
        [0.0687, 0.1718, 0.0799, 0.0647, 0.1079, 0.2198, 0.1139, 0.1734],
        [0.0905, 0.1885, 0.1073, 0.0883, 0.1150, 0.1888, 0.0993, 0.1222],
        [0.1178, 0.1428, 0.1074, 0.1093, 0.1223, 0.1295, 0.1311, 0.1397],
        [0.1180, 0.1349, 0.1076, 0.1077, 0.1274, 0.1512, 0.1224, 0.1307],
        [0.1028, 0.1642, 0.0847, 0.0861, 0.1529, 0.1578, 0.1152, 0.1362],
        [0.0945, 0.1892, 0.0840, 0.0866, 0.1184, 0.1685, 0.1152, 0.1437],
        [0.1056, 0.1817, 0.1011, 0.1016, 0.1060, 0.1672, 0.1120, 0.1248]],
       device='cuda:0', requires_grad=True)
[2022-04-13 13:41:34,515][root][INFO] - alphas-reduce
[2022-04-13 13:41:34,516][root][INFO] - tensor([[0.1067, 0.1689, 0.0999, 0.0836, 0.1392, 0.1407, 0.1409, 0.1201],
        [0.0922, 0.1654, 0.1029, 0.0950, 0.1170, 0.1441, 0.1511, 0.1321],
        [0.1225, 0.1483, 0.1213, 0.1183, 0.1174, 0.1299, 0.1251, 0.1171],
        [0.1153, 0.1481, 0.1249, 0.1111, 0.1255, 0.1237, 0.1159, 0.1355],
        [0.0912, 0.1987, 0.1109, 0.0934, 0.1586, 0.1474, 0.0818, 0.1179],
        [0.1236, 0.1310, 0.1206, 0.1235, 0.1280, 0.1242, 0.1235, 0.1258],
        [0.1205, 0.1314, 0.1213, 0.1194, 0.1254, 0.1386, 0.1237, 0.1197],
        [0.1089, 0.1826, 0.1197, 0.1173, 0.1163, 0.1261, 0.1135, 0.1156],
        [0.1052, 0.1878, 0.1310, 0.1171, 0.1207, 0.1149, 0.1015, 0.1218],
        [0.1251, 0.1319, 0.1257, 0.1196, 0.1275, 0.1231, 0.1245, 0.1225],
        [0.1232, 0.1299, 0.1241, 0.1234, 0.1276, 0.1244, 0.1217, 0.1256],
        [0.1129, 0.1659, 0.1237, 0.1192, 0.1160, 0.1117, 0.1234, 0.1272],
        [0.1102, 0.1731, 0.1322, 0.1194, 0.1224, 0.1187, 0.1164, 0.1077],
        [0.1082, 0.1699, 0.1300, 0.1162, 0.1160, 0.1284, 0.1127, 0.1187]],
       device='cuda:0', requires_grad=True)
[2022-04-13 13:41:34,528][root][INFO] - edges-normal
[2022-04-13 13:41:34,529][root][INFO] - tensor([0.4119, 0.5881, 0.3362, 0.2034, 0.4603, 0.1634, 0.1582, 0.4423, 0.2362,
        0.0694, 0.1007, 0.3077, 0.3012, 0.2210], device='cuda:0',
       requires_grad=True)
[2022-04-13 13:41:34,533][root][INFO] - edges-reduce
[2022-04-13 13:41:34,535][root][INFO] - tensor([0.4580, 0.5420, 0.2394, 0.2085, 0.5521, 0.1528, 0.1634, 0.3400, 0.3438,
        0.1312, 0.0932, 0.2360, 0.2573, 0.2823], device='cuda:0',
       requires_grad=True)
[2022-04-13 13:41:34,539][root][INFO] - genotype = Genotype(normal=[('sep_conv_5x5', 1), ('max_pool_3x3', 0), ('sep_conv_5x5', 2), ('max_pool_3x3', 0), ('sep_conv_5x5', 2), ('sep_conv_5x5', 3), ('max_pool_3x3', 3), ('max_pool_3x3', 2)], normal_concat=range(2, 6), reduce=[('max_pool_3x3', 1), ('max_pool_3x3', 0), ('max_pool_3x3', 2), ('max_pool_3x3', 0), ('max_pool_3x3', 3), ('max_pool_3x3', 2), ('max_pool_3x3', 4), ('max_pool_3x3', 3)], reduce_concat=range(2, 6))
[2022-04-13 13:41:34,771][root][INFO] - valid 000 2.681471e+00 31.250000 64.843750
[2022-04-13 13:41:45,393][root][INFO] - valid 050 2.721061e+00 29.672181 62.990196
[2022-04-13 13:41:55,872][root][INFO] - valid 100 2.684597e+00 30.577042 64.062500
[2022-04-13 13:42:06,418][root][INFO] - valid 150 2.681431e+00 30.686051 63.974545
[2022-04-13 13:42:15,841][root][INFO] - valid_acc 30.560000
[2022-04-13 13:42:17,759][root][INFO] - epoch 8 lr 9.381533e-02
[2022-04-13 13:42:19,533][root][INFO] - train 000 2.380164e+00 30.468750 67.187500
[2022-04-13 13:43:47,362][root][INFO] - train 050 2.348698e+00 36.550245 70.787377
[2022-04-13 13:45:15,272][root][INFO] - train 100 2.356109e+00 36.687809 69.995359
[2022-04-13 13:46:43,231][root][INFO] - train 150 2.355164e+00 36.977442 70.333195
[2022-04-13 13:48:02,079][root][INFO] - train_acc 37.280000
[2022-04-13 13:48:02,081][root][INFO] - alphas-normal
[2022-04-13 13:48:02,082][root][INFO] - tensor([[0.0193, 0.2561, 0.0084, 0.0090, 0.0832, 0.2746, 0.0882, 0.2613],
        [0.0099, 0.3063, 0.0219, 0.0151, 0.1283, 0.2861, 0.0512, 0.1811],
        [0.0634, 0.2970, 0.0448, 0.0443, 0.1187, 0.2313, 0.0923, 0.1081],
        [0.0859, 0.2213, 0.0968, 0.0858, 0.1197, 0.1919, 0.0890, 0.1096],
        [0.0514, 0.1901, 0.0641, 0.0545, 0.1144, 0.2313, 0.0775, 0.2167],
        [0.0937, 0.1822, 0.0945, 0.0929, 0.1367, 0.1642, 0.1110, 0.1247],
        [0.1014, 0.1795, 0.1133, 0.1038, 0.1303, 0.1225, 0.1074, 0.1418],
        [0.0623, 0.1899, 0.0735, 0.0595, 0.1140, 0.2199, 0.1094, 0.1715],
        [0.0846, 0.1955, 0.1018, 0.0826, 0.1181, 0.1925, 0.0950, 0.1299],
        [0.1173, 0.1422, 0.1046, 0.1072, 0.1226, 0.1307, 0.1326, 0.1428],
        [0.1167, 0.1342, 0.1055, 0.1060, 0.1276, 0.1545, 0.1203, 0.1351],
        [0.0952, 0.1742, 0.0796, 0.0794, 0.1667, 0.1610, 0.1108, 0.1332],
        [0.0878, 0.2033, 0.0769, 0.0799, 0.1174, 0.1744, 0.1154, 0.1448],
        [0.1009, 0.1902, 0.0948, 0.0965, 0.1008, 0.1825, 0.1077, 0.1267]],
       device='cuda:0', requires_grad=True)
[2022-04-13 13:48:02,094][root][INFO] - alphas-reduce
[2022-04-13 13:48:02,095][root][INFO] - tensor([[0.1032, 0.1730, 0.0960, 0.0784, 0.1285, 0.1471, 0.1471, 0.1266],
        [0.0842, 0.1673, 0.1027, 0.0859, 0.1262, 0.1602, 0.1444, 0.1291],
        [0.1214, 0.1487, 0.1214, 0.1170, 0.1151, 0.1348, 0.1267, 0.1149],
        [0.1139, 0.1511, 0.1274, 0.1077, 0.1252, 0.1236, 0.1121, 0.1390],
        [0.0864, 0.2007, 0.1040, 0.0868, 0.1581, 0.1487, 0.0798, 0.1355],
        [0.1236, 0.1304, 0.1206, 0.1225, 0.1267, 0.1241, 0.1245, 0.1277],
        [0.1197, 0.1335, 0.1235, 0.1193, 0.1264, 0.1381, 0.1241, 0.1155],
        [0.1062, 0.1864, 0.1170, 0.1167, 0.1121, 0.1313, 0.1098, 0.1206],
        [0.1033, 0.1883, 0.1269, 0.1167, 0.1230, 0.1078, 0.1012, 0.1328],
        [0.1253, 0.1311, 0.1252, 0.1193, 0.1273, 0.1237, 0.1251, 0.1231],
        [0.1230, 0.1311, 0.1254, 0.1226, 0.1275, 0.1240, 0.1214, 0.1249],
        [0.1095, 0.1715, 0.1240, 0.1188, 0.1143, 0.1090, 0.1223, 0.1306],
        [0.1091, 0.1793, 0.1321, 0.1198, 0.1233, 0.1184, 0.1139, 0.1042],
        [0.1055, 0.1755, 0.1289, 0.1148, 0.1184, 0.1278, 0.1093, 0.1198]],
       device='cuda:0', requires_grad=True)
[2022-04-13 13:48:02,107][root][INFO] - edges-normal
[2022-04-13 13:48:02,108][root][INFO] - tensor([0.4177, 0.5823, 0.3369, 0.1811, 0.4820, 0.1619, 0.1795, 0.4010, 0.2576,
        0.0567, 0.0972, 0.3207, 0.3044, 0.2210], device='cuda:0',
       requires_grad=True)
[2022-04-13 13:48:02,112][root][INFO] - edges-reduce
[2022-04-13 13:48:02,113][root][INFO] - tensor([0.4442, 0.5558, 0.2296, 0.2244, 0.5460, 0.1445, 0.1735, 0.3487, 0.3333,
        0.1191, 0.0919, 0.2535, 0.2499, 0.2857], device='cuda:0',
       requires_grad=True)
[2022-04-13 13:48:02,118][root][INFO] - genotype = Genotype(normal=[('max_pool_3x3', 1), ('sep_conv_5x5', 0), ('sep_conv_5x5', 2), ('max_pool_3x3', 0), ('sep_conv_5x5', 2), ('max_pool_3x3', 3), ('max_pool_3x3', 3), ('max_pool_3x3', 2)], normal_concat=range(2, 6), reduce=[('max_pool_3x3', 1), ('max_pool_3x3', 0), ('max_pool_3x3', 2), ('max_pool_3x3', 0), ('max_pool_3x3', 2), ('max_pool_3x3', 3), ('max_pool_3x3', 4), ('max_pool_3x3', 3)], reduce_concat=range(2, 6))
[2022-04-13 13:48:02,353][root][INFO] - valid 000 2.707086e+00 25.000000 68.750000
[2022-04-13 13:48:13,001][root][INFO] - valid 050 2.596008e+00 32.077206 66.421569
[2022-04-13 13:48:23,472][root][INFO] - valid 100 2.601827e+00 32.410272 66.274752
[2022-04-13 13:48:33,924][root][INFO] - valid 150 2.611063e+00 32.129553 66.100993
[2022-04-13 13:48:43,316][root][INFO] - valid_acc 32.156000
[2022-04-13 13:48:45,231][root][INFO] - epoch 9 lr 9.221640e-02
[2022-04-13 13:48:47,048][root][INFO] - train 000 2.260842e+00 41.406250 72.656250
[2022-04-13 13:50:15,034][root][INFO] - train 050 2.274724e+00 38.219975 72.012868
[2022-04-13 13:51:42,904][root][INFO] - train 100 2.257533e+00 39.062500 72.687191
[2022-04-13 13:53:10,830][root][INFO] - train 150 2.251767e+00 39.352235 72.785596
[2022-04-13 13:54:29,551][root][INFO] - train_acc 39.412000
[2022-04-13 13:54:29,553][root][INFO] - alphas-normal
[2022-04-13 13:54:29,554][root][INFO] - tensor([[0.0149, 0.2534, 0.0066, 0.0071, 0.0942, 0.2757, 0.0971, 0.2510],
        [0.0068, 0.2508, 0.0150, 0.0106, 0.1399, 0.3390, 0.0542, 0.1838],
