2022-04-13 12:43:38,675 gpu device = 0
2022-04-13 12:43:38,788 args = {'flags': {'readonly': None, 'struct': False}, '_resolver_cache': defaultdict(<class 'dict'>, {}), 'content': {'run': {'s3_bucket': None, 'seed': 2020, 'data': '/home/chatzimichailid/darts/AutoML_rebuttal/gaea_release/cnn/datka', 'dataset': 'cifar10', 'epochs': 50, 'scheduler_epochs': 50, 'n_threads_data': 0, 'autodl': '/home/chatzimichailid/darts/AutoML_rebuttal/gaea_release/cnn/code/AutoDL', 'report_freq': 50, 'test_code': False, 'gpu': 0}, 'search': {'single_level': False, 'exclude_zero': False, 'track_running_stats': True, 'method': 'eedarts', 'search_space': 'pcdarts', 'nodes': 4, 'arch_grad_clip': None, 'train_portion': 0.5, 'arch_learning_rate': 0.1, 'edge_learning_rate': 0.1, 'discrete': False, 'adapt_lr': False, 'arch_weight_decay': 0.0, 'gd': False, 'learn_edges': True, 'trace_norm': 8}, 'train': {'scheduler': 'cosine', 'lr_anneal_cycles': 1, 'smooth_cross_entropy': False, 'batch_size': 128, 'learning_rate': 0.1, 'learning_rate_min': 0.0, 'momentum': 0.9, 'weight_decay': 0.0003, 'init_channels': 16, 'layers': 8, 'cutout': False, 'auxiliary': False, 'auxiliary_weight': 0.4, 'drop_path_prob': 0, 'grad_clip': 5}}, 'parent': None}
2022-04-13 12:43:46,986 param size = 0.299578MB
2022-04-13 12:43:47,028 [Errno 2] No such file or directory: '/home/chatzimichailid/darts/AutoML_rebuttal/gaea_release/cnn/data/search-pcdarts-eedarts-cifar10-2020/model.ckpt'
2022-04-13 12:43:47,029 epoch 0 lr 1.000000e-01
2022-04-13 12:43:49,508 train 000 2.311644e+00 5.468750 49.218750
2022-04-13 12:45:18,106 train 050 1.937264e+00 26.286765 80.836397
2022-04-13 12:46:47,676 train 100 1.834539e+00 30.205755 84.181621
2022-04-13 12:48:18,088 train 150 1.765931e+00 32.853891 86.139280
2022-04-13 12:49:36,334 train_acc 35.008000
2022-04-13 12:49:36,336 alphas-normal
2022-04-13 12:49:36,337 tensor([[0.1152, 0.1277, 0.1031, 0.1103, 0.1234, 0.1426, 0.1330, 0.1448],
        [0.1176, 0.1312, 0.1099, 0.1124, 0.1374, 0.1399, 0.1179, 0.1336],
        [0.1234, 0.1308, 0.1162, 0.1192, 0.1299, 0.1287, 0.1236, 0.1284],
        [0.1221, 0.1308, 0.1170, 0.1174, 0.1246, 0.1314, 0.1250, 0.1317],
        [0.1219, 0.1340, 0.1240, 0.1227, 0.1230, 0.1251, 0.1245, 0.1248],
        [0.1251, 0.1290, 0.1200, 0.1215, 0.1256, 0.1254, 0.1261, 0.1274],
        [0.1235, 0.1299, 0.1207, 0.1210, 0.1238, 0.1237, 0.1269, 0.1305],
        [0.1208, 0.1316, 0.1244, 0.1213, 0.1263, 0.1234, 0.1271, 0.1250],
        [0.1221, 0.1348, 0.1269, 0.1231, 0.1240, 0.1247, 0.1237, 0.1207],
        [0.1249, 0.1288, 0.1238, 0.1240, 0.1230, 0.1270, 0.1245, 0.1239],
        [0.1242, 0.1274, 0.1241, 0.1238, 0.1252, 0.1253, 0.1261, 0.1239],
        [0.1238, 0.1287, 0.1235, 0.1233, 0.1250, 0.1243, 0.1235, 0.1279],
        [0.1243, 0.1303, 0.1253, 0.1242, 0.1258, 0.1237, 0.1227, 0.1238],
        [0.1239, 0.1301, 0.1258, 0.1240, 0.1259, 0.1244, 0.1234, 0.1225]],
       device='cuda:0', requires_grad=True)
2022-04-13 12:49:36,371 alphas-reduce
2022-04-13 12:49:36,372 tensor([[0.1228, 0.1288, 0.1235, 0.1215, 0.1233, 0.1290, 0.1262, 0.1248],
        [0.1238, 0.1283, 0.1234, 0.1239, 0.1249, 0.1272, 0.1231, 0.1254],
        [0.1241, 0.1268, 0.1247, 0.1244, 0.1246, 0.1257, 0.1244, 0.1254],
        [0.1244, 0.1263, 0.1241, 0.1242, 0.1256, 0.1272, 0.1248, 0.1235],
        [0.1224, 0.1289, 0.1262, 0.1241, 0.1249, 0.1237, 0.1234, 0.1266],
        [0.1246, 0.1269, 0.1259, 0.1242, 0.1246, 0.1244, 0.1240, 0.1254],
        [0.1248, 0.1249, 0.1240, 0.1252, 0.1250, 0.1251, 0.1256, 0.1255],
        [0.1250, 0.1263, 0.1242, 0.1249, 0.1256, 0.1249, 0.1252, 0.1239],
        [0.1245, 0.1259, 0.1238, 0.1244, 0.1247, 0.1253, 0.1249, 0.1266],
        [0.1251, 0.1256, 0.1251, 0.1244, 0.1254, 0.1246, 0.1251, 0.1246],
        [0.1244, 0.1264, 0.1257, 0.1251, 0.1250, 0.1251, 0.1241, 0.1242],
        [0.1245, 0.1271, 0.1248, 0.1250, 0.1241, 0.1250, 0.1242, 0.1252],
        [0.1241, 0.1267, 0.1245, 0.1246, 0.1245, 0.1248, 0.1254, 0.1255],
        [0.1242, 0.1268, 0.1245, 0.1248, 0.1251, 0.1247, 0.1240, 0.1259]],
       device='cuda:0', requires_grad=True)
2022-04-13 12:49:36,385 edges-normal
2022-04-13 12:49:36,387 tensor([0.4886, 0.5114, 0.2908, 0.3632, 0.3459, 0.2174, 0.2493, 0.2684, 0.2650,
        0.1863, 0.2000, 0.2082, 0.2009, 0.2046], device='cuda:0',
       requires_grad=True)
2022-04-13 12:49:36,390 edges-reduce
2022-04-13 12:49:36,391 tensor([0.5109, 0.4891, 0.3399, 0.3249, 0.3352, 0.2567, 0.2501, 0.2418, 0.2514,
        0.1862, 0.2037, 0.2002, 0.2055, 0.2045], device='cuda:0',
       requires_grad=True)
2022-04-13 12:49:36,397 genotype = Genotype(normal=[('sep_conv_5x5', 1), ('dil_conv_5x5', 0), ('dil_conv_5x5', 1), ('max_pool_3x3', 2), ('max_pool_3x3', 3), ('max_pool_3x3', 2), ('max_pool_3x3', 2), ('max_pool_3x3', 4)], normal_concat=range(2, 6), reduce=[('sep_conv_5x5', 0), ('max_pool_3x3', 1), ('max_pool_3x3', 2), ('max_pool_3x3', 0), ('max_pool_3x3', 0), ('dil_conv_5x5', 3), ('max_pool_3x3', 3), ('max_pool_3x3', 4)], reduce_concat=range(2, 6))
2022-04-13 12:49:36,635 valid 000 1.554029e+00 42.968750 90.625000
2022-04-13 12:49:46,071 valid 050 1.547935e+00 43.795956 90.502451
2022-04-13 12:49:56,550 valid 100 1.552400e+00 43.309097 90.447092
2022-04-13 12:50:05,516 valid 150 1.557385e+00 42.917012 90.464611
2022-04-13 12:50:14,708 valid_acc 43.176000
2022-04-13 12:50:15,506 epoch 1 lr 9.990134e-02
2022-04-13 12:50:17,268 train 000 1.577713e+00 42.187500 89.843750
2022-04-13 12:51:45,621 train 050 1.484795e+00 44.806985 91.789216
2022-04-13 12:53:13,850 train 100 1.439607e+00 46.797649 92.450495
2022-04-13 12:54:42,496 train 150 1.400574e+00 48.551325 92.860099
2022-04-13 12:56:02,313 train_acc 49.852000
2022-04-13 12:56:02,315 alphas-normal
2022-04-13 12:56:02,316 tensor([[0.1021, 0.1394, 0.0781, 0.0880, 0.1092, 0.1789, 0.1424, 0.1618],
        [0.0923, 0.1291, 0.0769, 0.0834, 0.1798, 0.1849, 0.1020, 0.1516],
        [0.1189, 0.1432, 0.1078, 0.1125, 0.1283, 0.1333, 0.1253, 0.1306],
        [0.1125, 0.1416, 0.1087, 0.1086, 0.1311, 0.1510, 0.1136, 0.1331],
        [0.1176, 0.1509, 0.1191, 0.1163, 0.1146, 0.1389, 0.1267, 0.1159],
        [0.1252, 0.1339, 0.1156, 0.1189, 0.1273, 0.1263, 0.1224, 0.1305],
        [0.1214, 0.1382, 0.1173, 0.1171, 0.1241, 0.1219, 0.1242, 0.1359],
        [0.1150, 0.1406, 0.1173, 0.1141, 0.1287, 0.1315, 0.1266, 0.1262],
        [0.1182, 0.1487, 0.1243, 0.1188, 0.1244, 0.1285, 0.1220, 0.1149],
        [0.1258, 0.1337, 0.1223, 0.1225, 0.1230, 0.1268, 0.1230, 0.1228],
        [0.1221, 0.1305, 0.1220, 0.1207, 0.1265, 0.1287, 0.1250, 0.1244],
        [0.1219, 0.1371, 0.1202, 0.1198, 0.1212, 0.1279, 0.1215, 0.1304],
        [0.1226, 0.1378, 0.1218, 0.1210, 0.1255, 0.1254, 0.1235, 0.1224],
        [0.1225, 0.1363, 0.1239, 0.1216, 0.1252, 0.1252, 0.1234, 0.1220]],
       device='cuda:0', requires_grad=True)
2022-04-13 12:56:02,333 alphas-reduce
2022-04-13 12:56:02,334 tensor([[0.1209, 0.1321, 0.1168, 0.1182, 0.1214, 0.1396, 0.1255, 0.1255],
        [0.1205, 0.1338, 0.1175, 0.1202, 0.1340, 0.1306, 0.1194, 0.1241],
        [0.1240, 0.1292, 0.1206, 0.1255, 0.1229, 0.1276, 0.1238, 0.1263],
        [0.1228, 0.1294, 0.1206, 0.1225, 0.1269, 0.1318, 0.1253, 0.1205],
        [0.1175, 0.1345, 0.1225, 0.1201, 0.1249, 0.1238, 0.1230, 0.1336],
        [0.1242, 0.1285, 0.1248, 0.1241, 0.1263, 0.1248, 0.1228, 0.1245],
        [0.1248, 0.1268, 0.1235, 0.1261, 0.1228, 0.1237, 0.1275, 0.1247],
        [0.1236, 0.1304, 0.1228, 0.1237, 0.1234, 0.1286, 0.1231, 0.1245],
        [0.1222, 0.1286, 0.1225, 0.1227, 0.1249, 0.1247, 0.1249, 0.1296],
        [0.1245, 0.1275, 0.1253, 0.1241, 0.1242, 0.1233, 0.1270, 0.1242],
        [0.1234, 0.1283, 0.1256, 0.1246, 0.1244, 0.1270, 0.1230, 0.1236],
        [0.1230, 0.1293, 0.1217, 0.1236, 0.1228, 0.1271, 0.1234, 0.1291],
        [0.1224, 0.1280, 0.1213, 0.1230, 0.1248, 0.1267, 0.1271, 0.1266],
        [0.1223, 0.1275, 0.1210, 0.1229, 0.1275, 0.1279, 0.1234, 0.1276]],
       device='cuda:0', requires_grad=True)
2022-04-13 12:56:02,352 edges-normal
2022-04-13 12:56:02,353 tensor([0.4195, 0.5805, 0.2512, 0.3773, 0.3715, 0.1636, 0.2327, 0.3178, 0.2860,
        0.1594, 0.1936, 0.2257, 0.2094, 0.2119], device='cuda:0',
       requires_grad=True)
2022-04-13 12:56:02,357 edges-reduce
2022-04-13 12:56:02,359 tensor([0.4854, 0.5146, 0.3044, 0.3214, 0.3742, 0.2489, 0.2339, 0.2486, 0.2686,
        0.1811, 0.1924, 0.2022, 0.2117, 0.2127], device='cuda:0',
       requires_grad=True)
2022-04-13 12:56:02,364 genotype = Genotype(normal=[('sep_conv_5x5', 1), ('sep_conv_5x5', 0), ('sep_conv_5x5', 1), ('max_pool_3x3', 2), ('max_pool_3x3', 2), ('max_pool_3x3', 3), ('max_pool_3x3', 2), ('max_pool_3x3', 4)], normal_concat=range(2, 6), reduce=[('sep_conv_3x3', 1), ('sep_conv_5x5', 0), ('max_pool_3x3', 2), ('sep_conv_5x5', 1), ('dil_conv_5x5', 3), ('max_pool_3x3', 2), ('sep_conv_5x5', 4), ('max_pool_3x3', 3)], reduce_concat=range(2, 6))
2022-04-13 12:56:02,557 valid 000 1.433587e+00 53.906250 96.093750
2022-04-13 12:56:13,009 valid 050 1.490991e+00 47.181373 93.443627
2022-04-13 12:56:23,525 valid 100 1.486818e+00 47.052908 93.548886
2022-04-13 12:56:34,000 valid 150 1.485700e+00 47.087127 93.532699
2022-04-13 12:56:43,605 valid_acc 47.368000
2022-04-13 12:56:44,407 epoch 2 lr 9.960574e-02
2022-04-13 12:56:46,174 train 000 1.128935e+00 59.375000 93.750000
2022-04-13 12:58:13,962 train 050 1.200552e+00 57.031250 95.680147
2022-04-13 12:59:41,611 train 100 1.190197e+00 57.325186 95.552290
2022-04-13 13:01:09,511 train 150 1.166963e+00 58.117757 95.669495
2022-04-13 13:02:28,189 train_acc 58.896000
2022-04-13 13:02:28,191 alphas-normal
2022-04-13 13:02:28,192 tensor([[0.0911, 0.1377, 0.0677, 0.0781, 0.0992, 0.1943, 0.1374, 0.1944],
        [0.0724, 0.1228, 0.0653, 0.0675, 0.1602, 0.2485, 0.0880, 0.1752],
        [0.1160, 0.1447, 0.0997, 0.1072, 0.1288, 0.1433, 0.1271, 0.1332],
        [0.0976, 0.1433, 0.1045, 0.1012, 0.1376, 0.1717, 0.1076, 0.1364],
        [0.1120, 0.1564, 0.1141, 0.1095, 0.1100, 0.1609, 0.1259, 0.1112],
        [0.1250, 0.1352, 0.1130, 0.1165, 0.1276, 0.1292, 0.1214, 0.1321],
        [0.1154, 0.1435, 0.1185, 0.1164, 0.1253, 0.1223, 0.1217, 0.1370],
        [0.1099, 0.1479, 0.1121, 0.1076, 0.1384, 0.1351, 0.1240, 0.1251],
        [0.1147, 0.1594, 0.1247, 0.1151, 0.1196, 0.1394, 0.1143, 0.1127],
        [0.1250, 0.1347, 0.1221, 0.1219, 0.1205, 0.1289, 0.1232, 0.1237],
        [0.1195, 0.1325, 0.1221, 0.1198, 0.1275, 0.1363, 0.1233, 0.1190],
        [0.1194, 0.1446, 0.1198, 0.1169, 0.1207, 0.1277, 0.1215, 0.1295],
        [0.1198, 0.1467, 0.1231, 0.1186, 0.1245, 0.1271, 0.1197, 0.1204],
        [0.1194, 0.1419, 0.1244, 0.1189, 0.1232, 0.1285, 0.1243, 0.1194]],
       device='cuda:0', requires_grad=True)
2022-04-13 13:02:28,209 alphas-reduce
2022-04-13 13:02:28,211 tensor([[0.1172, 0.1326, 0.1109, 0.1159, 0.1248, 0.1462, 0.1205, 0.1319],
        [0.1188, 0.1448, 0.1190, 0.1194, 0.1355, 0.1246, 0.1197, 0.1181],
        [0.1222, 0.1318, 0.1208, 0.1255, 0.1212, 0.1274, 0.1218, 0.1293],
        [0.1209, 0.1321, 0.1198, 0.1207, 0.1263, 0.1364, 0.1244, 0.1194],
        [0.1128, 0.1333, 0.1204, 0.1185, 0.1244, 0.1223, 0.1208, 0.1474],
        [0.1234, 0.1296, 0.1240, 0.1225, 0.1267, 0.1249, 0.1239, 0.1250],
        [0.1249, 0.1278, 0.1236, 0.1256, 0.1219, 0.1239, 0.1278, 0.1244],
        [0.1225, 0.1315, 0.1226, 0.1232, 0.1218, 0.1308, 0.1204, 0.1272],
        [0.1200, 0.1287, 0.1225, 0.1214, 0.1274, 0.1246, 0.1234, 0.1320],
        [0.1242, 0.1280, 0.1254, 0.1230, 0.1235, 0.1235, 0.1262, 0.1262],
        [0.1234, 0.1288, 0.1250, 0.1243, 0.1245, 0.1268, 0.1217, 0.1255],
        [0.1215, 0.1311, 0.1207, 0.1228, 0.1215, 0.1275, 0.1223, 0.1326],
        [0.1197, 0.1289, 0.1203, 0.1212, 0.1249, 0.1282, 0.1281, 0.1287],
        [0.1205, 0.1288, 0.1207, 0.1218, 0.1283, 0.1277, 0.1233, 0.1290]],
       device='cuda:0', requires_grad=True)
2022-04-13 13:02:28,229 edges-normal
2022-04-13 13:02:28,231 tensor([0.4077, 0.5923, 0.2306, 0.3999, 0.3695, 0.1427, 0.2412, 0.3289, 0.2872,
        0.1448, 0.1933, 0.2260, 0.2128, 0.2231], device='cuda:0',
       requires_grad=True)
2022-04-13 13:02:28,236 edges-reduce
2022-04-13 13:02:28,238 tensor([0.4355, 0.5645, 0.2597, 0.3280, 0.4124, 0.2277, 0.2355, 0.2548, 0.2820,
        0.1575, 0.1817, 0.2122, 0.2291, 0.2196], device='cuda:0',
       requires_grad=True)
2022-04-13 13:02:28,243 genotype = Genotype(normal=[('sep_conv_5x5', 1), ('dil_conv_5x5', 0), ('sep_conv_5x5', 1), ('sep_conv_5x5', 2), ('max_pool_3x3', 2), ('max_pool_3x3', 3), ('max_pool_3x3', 2), ('max_pool_3x3', 4)], normal_concat=range(2, 6), reduce=[('max_pool_3x3', 1), ('sep_conv_5x5', 0), ('dil_conv_5x5', 2), ('sep_conv_5x5', 1), ('dil_conv_5x5', 3), ('max_pool_3x3', 2), ('max_pool_3x3', 3), ('dil_conv_5x5', 4)], reduce_concat=range(2, 6))
2022-04-13 13:02:28,479 valid 000 1.336316e+00 53.125000 93.750000
2022-04-13 13:02:38,913 valid 050 1.192662e+00 58.256740 94.531250
2022-04-13 13:02:49,355 valid 100 1.205282e+00 57.665532 94.492574
2022-04-13 13:02:59,751 valid 150 1.215480e+00 57.305464 94.313949
2022-04-13 13:03:09,186 valid_acc 57.204000
2022-04-13 13:03:10,211 epoch 3 lr 9.911436e-02
2022-04-13 13:03:11,971 train 000 1.091864e+00 56.250000 98.437500
2022-04-13 13:04:39,488 train 050 1.088747e+00 61.044730 96.124387
2022-04-13 13:06:07,228 train 100 1.064076e+00 61.850248 96.418626
2022-04-13 13:07:34,984 train 150 1.047748e+00 62.562086 96.404180
2022-04-13 13:08:53,655 train_acc 63.096000
2022-04-13 13:08:53,657 alphas-normal
2022-04-13 13:08:53,658 tensor([[0.0839, 0.1502, 0.0543, 0.0697, 0.0950, 0.1840, 0.1306, 0.2323],
        [0.0626, 0.1230, 0.0454, 0.0478, 0.1772, 0.2792, 0.0683, 0.1965],
        [0.1146, 0.1503, 0.0931, 0.1035, 0.1354, 0.1425, 0.1310, 0.1296],
        [0.0878, 0.1490, 0.0923, 0.0904, 0.1308, 0.2083, 0.1005, 0.1408],
        [0.1054, 0.1548, 0.1031, 0.0996, 0.1115, 0.2055, 0.1226, 0.0975],
        [0.1240, 0.1378, 0.1091, 0.1132, 0.1265, 0.1304, 0.1226, 0.1364],
        [0.1116, 0.1521, 0.1136, 0.1126, 0.1238, 0.1240, 0.1263, 0.1359],
        [0.1087, 0.1587, 0.1066, 0.1037, 0.1395, 0.1371, 0.1178, 0.1279],
        [0.1126, 0.1656, 0.1181, 0.1108, 0.1192, 0.1462, 0.1156, 0.1119],
        [0.1233, 0.1371, 0.1198, 0.1198, 0.1187, 0.1342, 0.1227, 0.1243],
        [0.1173, 0.1353, 0.1183, 0.1169, 0.1320, 0.1376, 0.1244, 0.1183],
        [0.1181, 0.1511, 0.1140, 0.1136, 0.1189, 0.1335, 0.1213, 0.1294],
        [0.1186, 0.1526, 0.1172, 0.1155, 0.1269, 0.1347, 0.1169, 0.1175],
        [0.1180, 0.1464, 0.1195, 0.1161, 0.1244, 0.1318, 0.1246, 0.1193]],
       device='cuda:0', requires_grad=True)
2022-04-13 13:08:53,672 alphas-reduce
2022-04-13 13:08:53,673 tensor([[0.1119, 0.1337, 0.1034, 0.1113, 0.1321, 0.1580, 0.1158, 0.1338],
        [0.1172, 0.1592, 0.1177, 0.1226, 0.1379, 0.1148, 0.1191, 0.1114],
        [0.1210, 0.1336, 0.1168, 0.1261, 0.1212, 0.1300, 0.1218, 0.1294],
        [0.1204, 0.1355, 0.1165, 0.1222, 0.1262, 0.1427, 0.1193, 0.1171],
        [0.1113, 0.1389, 0.1136, 0.1170, 0.1248, 0.1204, 0.1244, 0.1496],
        [0.1228, 0.1312, 0.1235, 0.1212, 0.1268, 0.1232, 0.1249, 0.1263],
        [0.1247, 0.1293, 0.1234, 0.1254, 0.1214, 0.1242, 0.1272, 0.1243],
        [0.1215, 0.1362, 0.1226, 0.1233, 0.1191, 0.1318, 0.1184, 0.1271],
        [0.1179, 0.1313, 0.1207, 0.1198, 0.1290, 0.1239, 0.1232, 0.1341],
        [0.1242, 0.1286, 0.1244, 0.1221, 0.1238, 0.1251, 0.1252, 0.1267],
        [0.1232, 0.1307, 0.1248, 0.1237, 0.1245, 0.1280, 0.1201, 0.1250],
        [0.1211, 0.1358, 0.1187, 0.1230, 0.1210, 0.1265, 0.1217, 0.1322],
        [0.1171, 0.1324, 0.1168, 0.1188, 0.1266, 0.1294, 0.1285, 0.1305],
        [0.1188, 0.1314, 0.1172, 0.1200, 0.1288, 0.1324, 0.1229, 0.1284]],
       device='cuda:0', requires_grad=True)
2022-04-13 13:08:53,687 edges-normal
2022-04-13 13:08:53,688 tensor([0.4635, 0.5365, 0.2426, 0.3529, 0.4045, 0.1660, 0.2243, 0.3051, 0.3046,
        0.1663, 0.1735, 0.2185, 0.2157, 0.2259], device='cuda:0',
       requires_grad=True)
2022-04-13 13:08:53,692 edges-reduce
2022-04-13 13:08:53,693 tensor([0.4530, 0.5470, 0.2542, 0.3213, 0.4245, 0.2199, 0.2350, 0.2514, 0.2937,
        0.1453, 0.1736, 0.2076, 0.2453, 0.2282], device='cuda:0',
       requires_grad=True)
2022-04-13 13:08:53,698 genotype = Genotype(normal=[('sep_conv_5x5', 1), ('dil_conv_5x5', 0), ('sep_conv_5x5', 2), ('sep_conv_5x5', 1), ('max_pool_3x3', 3), ('max_pool_3x3', 2), ('max_pool_3x3', 4), ('max_pool_3x3', 2)], normal_concat=range(2, 6), reduce=[('max_pool_3x3', 1), ('sep_conv_5x5', 0), ('dil_conv_5x5', 2), ('sep_conv_5x5', 1), ('dil_conv_5x5', 3), ('max_pool_3x3', 2), ('max_pool_3x3', 3), ('sep_conv_5x5', 4)], reduce_concat=range(2, 6))
2022-04-13 13:08:53,927 valid 000 1.125138e+00 60.937500 95.312500
2022-04-13 13:09:04,371 valid 050 1.126526e+00 60.294118 95.358456
2022-04-13 13:09:14,786 valid 100 1.129677e+00 60.009282 95.343441
2022-04-13 13:09:25,229 valid 150 1.118169e+00 60.280422 95.597061
2022-04-13 13:09:34,845 valid_acc 60.232000
2022-04-13 13:09:36,015 epoch 4 lr 9.842916e-02
2022-04-13 13:09:37,781 train 000 1.042712e+00 60.156250 96.875000
2022-04-13 13:11:05,580 train 050 9.592658e-01 65.732230 97.043505
2022-04-13 13:12:33,293 train 100 9.613601e-01 65.671411 97.099319
2022-04-13 13:14:00,799 train 150 9.497284e-01 65.992343 97.283733
2022-04-13 13:15:19,947 train_acc 66.276000
2022-04-13 13:15:19,948 alphas-normal
2022-04-13 13:15:19,950 tensor([[0.0728, 0.1583, 0.0493, 0.0668, 0.0987, 0.2393, 0.1186, 0.1963],
        [0.0497, 0.1295, 0.0401, 0.0404, 0.1913, 0.3116, 0.0487, 0.1887],
        [0.1120, 0.1544, 0.0901, 0.1018, 0.1348, 0.1512, 0.1287, 0.1271],
        [0.0782, 0.1544, 0.0906, 0.0883, 0.1362, 0.2158, 0.1009, 0.1356],
        [0.1053, 0.1571, 0.1020, 0.0987, 0.1093, 0.2139, 0.1234, 0.0904],
        [0.1232, 0.1427, 0.1105, 0.1140, 0.1257, 0.1301, 0.1200, 0.1337],
        [0.1078, 0.1578, 0.1129, 0.1111, 0.1233, 0.1303, 0.1281, 0.1287],
        [0.1042, 0.1596, 0.1003, 0.0970, 0.1495, 0.1359, 0.1214, 0.1320],
        [0.1121, 0.1718, 0.1178, 0.1090, 0.1150, 0.1469, 0.1139, 0.1134],
        [0.1217, 0.1422, 0.1214, 0.1205, 0.1146, 0.1366, 0.1206, 0.1224],
        [0.1148, 0.1368, 0.1190, 0.1171, 0.1328, 0.1436, 0.1192, 0.1165],
        [0.1160, 0.1532, 0.1105, 0.1103, 0.1186, 0.1422, 0.1194, 0.1299],
        [0.1157, 0.1582, 0.1160, 0.1122, 0.1237, 0.1398, 0.1155, 0.1189],
        [0.1155, 0.1530, 0.1199, 0.1138, 0.1241, 0.1326, 0.1260, 0.1152]],
       device='cuda:0', requires_grad=True)
2022-04-13 13:15:19,966 alphas-reduce
2022-04-13 13:15:19,967 tensor([[0.1070, 0.1319, 0.0948, 0.1044, 0.1454, 0.1698, 0.1097, 0.1369],
        [0.1157, 0.1695, 0.1144, 0.1244, 0.1447, 0.1109, 0.1132, 0.1071],
        [0.1199, 0.1367, 0.1149, 0.1262, 0.1209, 0.1341, 0.1195, 0.1277],
        [0.1185, 0.1377, 0.1146, 0.1209, 0.1256, 0.1497, 0.1204, 0.1127],
        [0.1069, 0.1431, 0.1152, 0.1164, 0.1261, 0.1228, 0.1247, 0.1448],
        [0.1225, 0.1330, 0.1216, 0.1207, 0.1269, 0.1230, 0.1250, 0.1273],
        [0.1243, 0.1303, 0.1219, 0.1251, 0.1203, 0.1249, 0.1286, 0.1247],
        [0.1203, 0.1396, 0.1234, 0.1225, 0.1160, 0.1312, 0.1170, 0.1300],
        [0.1156, 0.1318, 0.1198, 0.1176, 0.1301, 0.1253, 0.1238, 0.1360],
        [0.1243, 0.1290, 0.1236, 0.1218, 0.1245, 0.1250, 0.1242, 0.1275],
        [0.1227, 0.1313, 0.1251, 0.1224, 0.1246, 0.1291, 0.1187, 0.1261],
        [0.1201, 0.1395, 0.1190, 0.1230, 0.1209, 0.1240, 0.1184, 0.1351],
        [0.1142, 0.1346, 0.1168, 0.1170, 0.1263, 0.1314, 0.1263, 0.1334],
        [0.1163, 0.1333, 0.1172, 0.1184, 0.1313, 0.1326, 0.1232, 0.1278]],
       device='cuda:0', requires_grad=True)
2022-04-13 13:15:19,980 edges-normal
2022-04-13 13:15:19,981 tensor([0.4746, 0.5254, 0.2192, 0.3559, 0.4249, 0.1542, 0.2118, 0.3301, 0.3039,
        0.1618, 0.1710, 0.2158, 0.2236, 0.2278], device='cuda:0',
       requires_grad=True)
2022-04-13 13:15:19,986 edges-reduce
2022-04-13 13:15:19,987 tensor([0.4351, 0.5649, 0.2235, 0.3336, 0.4429, 0.2134, 0.2292, 0.2559, 0.3016,
        0.1273, 0.1629, 0.2077, 0.2615, 0.2406], device='cuda:0',
       requires_grad=True)
2022-04-13 13:15:19,992 genotype = Genotype(normal=[('sep_conv_5x5', 1), ('sep_conv_5x5', 0), ('sep_conv_5x5', 2), ('sep_conv_5x5', 1), ('max_pool_3x3', 2), ('max_pool_3x3', 3), ('max_pool_3x3', 3), ('max_pool_3x3', 4)], normal_concat=range(2, 6), reduce=[('max_pool_3x3', 1), ('sep_conv_5x5', 0), ('dil_conv_5x5', 2), ('sep_conv_5x5', 1), ('dil_conv_5x5', 3), ('max_pool_3x3', 2), ('max_pool_3x3', 3), ('max_pool_3x3', 4)], reduce_concat=range(2, 6))
2022-04-13 13:15:20,225 valid 000 1.130071e+00 65.625000 91.406250
2022-04-13 13:15:30,661 valid 050 1.153597e+00 61.335784 94.929534
2022-04-13 13:15:41,102 valid 100 1.157617e+00 60.991646 94.987624
2022-04-13 13:15:51,551 valid 150 1.146911e+00 61.470406 94.893419
2022-04-13 13:16:00,697 valid_acc 61.276000
2022-04-13 13:16:02,036 epoch 5 lr 9.755283e-02
2022-04-13 13:16:03,759 train 000 8.568142e-01 69.531250 98.437500
2022-04-13 13:17:31,797 train 050 8.962660e-01 68.121936 97.748162
2022-04-13 13:18:59,749 train 100 8.916840e-01 67.914604 97.633045
2022-04-13 13:20:27,500 train 150 8.838031e-01 68.289528 97.640728
2022-04-13 13:21:46,266 train_acc 68.440000
2022-04-13 13:21:46,268 alphas-normal
2022-04-13 13:21:46,269 tensor([[0.0631, 0.1573, 0.0414, 0.0597, 0.0910, 0.2403, 0.1225, 0.2248],
        [0.0455, 0.1242, 0.0339, 0.0356, 0.1867, 0.2920, 0.0478, 0.2344],
        [0.1068, 0.1577, 0.0867, 0.0965, 0.1386, 0.1491, 0.1306, 0.1339],
        [0.0715, 0.1428, 0.0834, 0.0814, 0.1322, 0.2422, 0.0989, 0.1476],
        [0.1026, 0.1448, 0.0939, 0.0940, 0.1223, 0.2190, 0.1332, 0.0902],
        [0.1228, 0.1421, 0.1064, 0.1112, 0.1274, 0.1315, 0.1221, 0.1366],
        [0.1054, 0.1612, 0.1100, 0.1082, 0.1212, 0.1387, 0.1348, 0.1204],
        [0.1007, 0.1562, 0.0916, 0.0908, 0.1536, 0.1408, 0.1198, 0.1465],
        [0.1079, 0.1810, 0.1160, 0.1054, 0.1127, 0.1515, 0.1102, 0.1152],
        [0.1207, 0.1421, 0.1188, 0.1174, 0.1139, 0.1403, 0.1231, 0.1236],
        [0.1126, 0.1382, 0.1171, 0.1149, 0.1374, 0.1454, 0.1161, 0.1183],
        [0.1146, 0.1563, 0.1075, 0.1087, 0.1173, 0.1481, 0.1180, 0.1295],
        [0.1112, 0.1654, 0.1139, 0.1082, 0.1232, 0.1476, 0.1132, 0.1173],
        [0.1123, 0.1565, 0.1173, 0.1106, 0.1247, 0.1384, 0.1285, 0.1116]],
       device='cuda:0', requires_grad=True)
2022-04-13 13:21:46,282 alphas-reduce
2022-04-13 13:21:46,283 tensor([[0.1055, 0.1379, 0.0942, 0.1041, 0.1439, 0.1713, 0.1095, 0.1337],
        [0.1101, 0.1867, 0.1171, 0.1225, 0.1425, 0.1129, 0.1050, 0.1032],
        [0.1195, 0.1387, 0.1144, 0.1249, 0.1223, 0.1350, 0.1173, 0.1280],
        [0.1153, 0.1404, 0.1155, 0.1180, 0.1248, 0.1589, 0.1195, 0.1077],
        [0.1035, 0.1427, 0.1090, 0.1142, 0.1312, 0.1297, 0.1211, 0.1486],
        [0.1222, 0.1322, 0.1207, 0.1200, 0.1270, 0.1240, 0.1264, 0.1275],
        [0.1236, 0.1321, 0.1227, 0.1249, 0.1194, 0.1247, 0.1287, 0.1240],
        [0.1192, 0.1397, 0.1197, 0.1207, 0.1145, 0.1365, 0.1175, 0.1322],
        [0.1139, 0.1344, 0.1175, 0.1159, 0.1302, 0.1281, 0.1233, 0.1367],
        [0.1241, 0.1288, 0.1232, 0.1212, 0.1245, 0.1253, 0.1245, 0.1285],
        [0.1221, 0.1318, 0.1251, 0.1211, 0.1243, 0.1315, 0.1184, 0.1257],
        [0.1203, 0.1396, 0.1167, 0.1232, 0.1212, 0.1259, 0.1170, 0.1361],
        [0.1120, 0.1343, 0.1133, 0.1149, 0.1282, 0.1346, 0.1277, 0.1350],
        [0.1152, 0.1332, 0.1147, 0.1174, 0.1305, 0.1366, 0.1239, 0.1285]],
       device='cuda:0', requires_grad=True)
2022-04-13 13:21:46,298 edges-normal
2022-04-13 13:21:46,299 tensor([0.4935, 0.5065, 0.2125, 0.3382, 0.4493, 0.1318, 0.2108, 0.3358, 0.3216,
        0.1451, 0.1669, 0.2106, 0.2427, 0.2347], device='cuda:0',
       requires_grad=True)
2022-04-13 13:21:46,303 edges-reduce
2022-04-13 13:21:46,304 tensor([0.4318, 0.5682, 0.2151, 0.3375, 0.4475, 0.2105, 0.2267, 0.2559, 0.3069,
        0.1215, 0.1592, 0.2008, 0.2761, 0.2425], device='cuda:0',
       requires_grad=True)
2022-04-13 13:21:46,309 genotype = Genotype(normal=[('sep_conv_5x5', 1), ('sep_conv_5x5', 0), ('sep_conv_5x5', 2), ('sep_conv_5x5', 1), ('max_pool_3x3', 3), ('max_pool_3x3', 2), ('max_pool_3x3', 3), ('max_pool_3x3', 4)], normal_concat=range(2, 6), reduce=[('max_pool_3x3', 1), ('sep_conv_5x5', 0), ('dil_conv_5x5', 2), ('sep_conv_5x5', 1), ('dil_conv_5x5', 3), ('max_pool_3x3', 2), ('dil_conv_5x5', 3), ('sep_conv_5x5', 4)], reduce_concat=range(2, 6))
2022-04-13 13:21:46,538 valid 000 1.016400e+00 66.406250 97.656250
2022-04-13 13:21:56,784 valid 050 1.026598e+00 64.154412 96.185662
2022-04-13 13:22:07,210 valid 100 1.067931e+00 62.507735 96.140161
2022-04-13 13:22:17,644 valid 150 1.055385e+00 62.743171 96.274834
2022-04-13 13:22:27,112 valid_acc 62.688000
2022-04-13 13:22:28,616 epoch 6 lr 9.648882e-02
2022-04-13 13:22:30,366 train 000 8.028037e-01 67.187500 98.437500
2022-04-13 13:23:58,454 train 050 8.243931e-01 70.695466 98.023897
2022-04-13 13:25:26,789 train 100 8.091431e-01 71.279394 98.027537
2022-04-13 13:26:55,230 train 150 8.124794e-01 71.052359 97.992550
2022-04-13 13:28:14,789 train_acc 71.224000
2022-04-13 13:28:14,801 alphas-normal
2022-04-13 13:28:14,802 tensor([[0.0568, 0.1753, 0.0429, 0.0604, 0.0861, 0.2430, 0.1284, 0.2071],
        [0.0335, 0.1327, 0.0360, 0.0311, 0.1923, 0.2947, 0.0404, 0.2393],
        [0.1059, 0.1647, 0.0872, 0.0954, 0.1339, 0.1528, 0.1272, 0.1328],
        [0.0620, 0.1416, 0.0806, 0.0740, 0.1427, 0.2685, 0.0894, 0.1413],
        [0.1005, 0.1392, 0.0911, 0.0881, 0.1316, 0.2263, 0.1356, 0.0877],
        [0.1211, 0.1462, 0.1082, 0.1127, 0.1281, 0.1308, 0.1164, 0.1366],
        [0.1011, 0.1701, 0.1111, 0.1068, 0.1206, 0.1480, 0.1315, 0.1108],
        [0.0985, 0.1543, 0.0850, 0.0848, 0.1576, 0.1423, 0.1251, 0.1525],
        [0.1045, 0.1947, 0.1148, 0.1010, 0.1126, 0.1524, 0.1021, 0.1179],
        [0.1198, 0.1444, 0.1197, 0.1163, 0.1099, 0.1438, 0.1242, 0.1219],
        [0.1105, 0.1433, 0.1190, 0.1150, 0.1385, 0.1456, 0.1114, 0.1167],
        [0.1124, 0.1621, 0.1073, 0.1059, 0.1178, 0.1505, 0.1144, 0.1295],
        [0.1071, 0.1795, 0.1156, 0.1044, 0.1213, 0.1511, 0.1070, 0.1141],
        [0.1078, 0.1675, 0.1187, 0.1066, 0.1194, 0.1461, 0.1223, 0.1115]],
       device='cuda:0', requires_grad=True)
2022-04-13 13:28:14,818 alphas-reduce
2022-04-13 13:28:14,819 tensor([[0.1053, 0.1297, 0.0863, 0.1047, 0.1577, 0.1780, 0.1059, 0.1324],
        [0.1062, 0.1937, 0.1097, 0.1245, 0.1544, 0.1156, 0.1071, 0.0888],
        [0.1186, 0.1334, 0.1092, 0.1264, 0.1255, 0.1403, 0.1166, 0.1299],
        [0.1138, 0.1421, 0.1142, 0.1205, 0.1249, 0.1600, 0.1188, 0.1056],
        [0.0981, 0.1480, 0.1055, 0.1107, 0.1308, 0.1400, 0.1156, 0.1513],
        [0.1226, 0.1309, 0.1181, 0.1208, 0.1282, 0.1230, 0.1265, 0.1298],
        [0.1227, 0.1338, 0.1228, 0.1243, 0.1190, 0.1262, 0.1279, 0.1233],
        [0.1175, 0.1439, 0.1195, 0.1203, 0.1116, 0.1386, 0.1152, 0.1334],
        [0.1107, 0.1383, 0.1182, 0.1141, 0.1296, 0.1321, 0.1204, 0.1365],
        [0.1243, 0.1283, 0.1224, 0.1210, 0.1248, 0.1261, 0.1238, 0.1293],
        [0.1215, 0.1324, 0.1251, 0.1204, 0.1237, 0.1338, 0.1175, 0.1256],
        [0.1182, 0.1435, 0.1173, 0.1233, 0.1223, 0.1264, 0.1134, 0.1355],
        [0.1085, 0.1409, 0.1165, 0.1141, 0.1264, 0.1357, 0.1249, 0.1329],
        [0.1125, 0.1380, 0.1166, 0.1165, 0.1289, 0.1365, 0.1228, 0.1282]],
       device='cuda:0', requires_grad=True)
2022-04-13 13:28:14,833 edges-normal
2022-04-13 13:28:14,834 tensor([0.5237, 0.4763, 0.2217, 0.3461, 0.4322, 0.1497, 0.2106, 0.3163, 0.3235,
        0.1563, 0.1514, 0.1991, 0.2481, 0.2451], device='cuda:0',
       requires_grad=True)
2022-04-13 13:28:14,838 edges-reduce
2022-04-13 13:28:14,839 tensor([0.4698, 0.5302, 0.2050, 0.3373, 0.4578, 0.1942, 0.2343, 0.2539, 0.3176,
        0.1064, 0.1549, 0.2038, 0.2871, 0.2476], device='cuda:0',
       requires_grad=True)
2022-04-13 13:28:14,844 genotype = Genotype(normal=[('sep_conv_5x5', 1), ('sep_conv_5x5', 0), ('sep_conv_5x5', 2), ('sep_conv_5x5', 1), ('max_pool_3x3', 3), ('sep_conv_3x3', 2), ('max_pool_3x3', 3), ('max_pool_3x3', 4)], normal_concat=range(2, 6), reduce=[('max_pool_3x3', 1), ('sep_conv_5x5', 0), ('dil_conv_5x5', 2), ('sep_conv_5x5', 1), ('max_pool_3x3', 3), ('max_pool_3x3', 2), ('max_pool_3x3', 3), ('max_pool_3x3', 4)], reduce_concat=range(2, 6))
2022-04-13 13:28:15,082 valid 000 7.920629e-01 68.750000 97.656250
2022-04-13 13:28:25,510 valid 050 9.293302e-01 67.233456 97.594975
2022-04-13 13:28:35,972 valid 100 9.290008e-01 67.241646 97.625309
2022-04-13 13:28:46,440 valid 150 9.225374e-01 67.446192 97.526904
2022-04-13 13:28:56,005 valid_acc 67.420000
2022-04-13 13:28:57,608 epoch 7 lr 9.524135e-02
2022-04-13 13:28:59,369 train 000 1.017038e+00 64.843750 95.312500
2022-04-13 13:30:27,628 train 050 7.804067e-01 72.242647 97.916667
2022-04-13 13:31:55,683 train 100 7.777134e-01 72.486077 98.058478
2022-04-13 13:33:24,256 train 150 7.770108e-01 72.640728 98.085679
2022-04-13 13:34:43,661 train_acc 72.896000
2022-04-13 13:34:43,663 alphas-normal
2022-04-13 13:34:43,664 tensor([[0.0546, 0.1921, 0.0358, 0.0541, 0.0860, 0.2633, 0.1050, 0.2090],
        [0.0291, 0.1341, 0.0333, 0.0296, 0.1827, 0.3230, 0.0318, 0.2364],
        [0.1047, 0.1580, 0.0805, 0.0915, 0.1470, 0.1479, 0.1321, 0.1383],
        [0.0578, 0.1429, 0.0798, 0.0721, 0.1367, 0.2869, 0.0821, 0.1417],
        [0.0984, 0.1418, 0.0871, 0.0853, 0.1349, 0.2333, 0.1363, 0.0828],
        [0.1197, 0.1458, 0.1054, 0.1109, 0.1309, 0.1332, 0.1152, 0.1390],
        [0.0954, 0.1816, 0.1139, 0.1075, 0.1146, 0.1511, 0.1298, 0.1062],
        [0.0951, 0.1625, 0.0812, 0.0811, 0.1599, 0.1368, 0.1200, 0.1635],
        [0.1013, 0.2090, 0.1105, 0.0971, 0.1106, 0.1524, 0.0979, 0.1213],
        [0.1175, 0.1462, 0.1192, 0.1151, 0.1069, 0.1490, 0.1240, 0.1221],
        [0.1078, 0.1476, 0.1196, 0.1152, 0.1409, 0.1451, 0.1067, 0.1170],
        [0.1108, 0.1653, 0.1051, 0.1034, 0.1170, 0.1598, 0.1090, 0.1295],
        [0.1037, 0.1836, 0.1088, 0.0991, 0.1208, 0.1692, 0.1042, 0.1106],
        [0.1058, 0.1721, 0.1140, 0.1034, 0.1197, 0.1550, 0.1179, 0.1120]],
       device='cuda:0', requires_grad=True)
2022-04-13 13:34:43,681 alphas-reduce
2022-04-13 13:34:43,682 tensor([[0.1026, 0.1300, 0.0799, 0.1073, 0.1667, 0.1871, 0.0967, 0.1297],
        [0.1006, 0.2080, 0.1061, 0.1183, 0.1580, 0.1130, 0.1081, 0.0880],
        [0.1172, 0.1304, 0.1047, 0.1247, 0.1271, 0.1457, 0.1155, 0.1346],
        [0.1108, 0.1431, 0.1115, 0.1199, 0.1243, 0.1724, 0.1159, 0.1020],
        [0.0939, 0.1488, 0.0990, 0.1071, 0.1315, 0.1562, 0.1044, 0.1590],
        [0.1227, 0.1311, 0.1170, 0.1204, 0.1269, 0.1253, 0.1259, 0.1307],
        [0.1223, 0.1351, 0.1235, 0.1232, 0.1164, 0.1286, 0.1280, 0.1230],
        [0.1166, 0.1450, 0.1179, 0.1190, 0.1115, 0.1382, 0.1150, 0.1369],
        [0.1088, 0.1416, 0.1190, 0.1126, 0.1282, 0.1324, 0.1192, 0.1382],
        [0.1243, 0.1278, 0.1219, 0.1214, 0.1263, 0.1260, 0.1227, 0.1295],
        [0.1212, 0.1307, 0.1239, 0.1204, 0.1236, 0.1371, 0.1172, 0.1258],
        [0.1181, 0.1431, 0.1154, 0.1229, 0.1217, 0.1278, 0.1118, 0.1392],
        [0.1065, 0.1429, 0.1153, 0.1128, 0.1250, 0.1385, 0.1241, 0.1350],
        [0.1116, 0.1395, 0.1157, 0.1162, 0.1273, 0.1329, 0.1263, 0.1305]],
       device='cuda:0', requires_grad=True)
2022-04-13 13:34:43,697 edges-normal
2022-04-13 13:34:43,699 tensor([0.4999, 0.5001, 0.1968, 0.3557, 0.4476, 0.1431, 0.2229, 0.3025, 0.3315,
        0.1589, 0.1544, 0.1838, 0.2593, 0.2436], device='cuda:0',
       requires_grad=True)
2022-04-13 13:34:43,703 edges-reduce
2022-04-13 13:34:43,704 tensor([0.4341, 0.5659, 0.1821, 0.3414, 0.4766, 0.1810, 0.2399, 0.2533, 0.3257,
        0.0955, 0.1558, 0.2013, 0.3012, 0.2463], device='cuda:0',
       requires_grad=True)
2022-04-13 13:34:43,711 genotype = Genotype(normal=[('sep_conv_5x5', 1), ('sep_conv_5x5', 0), ('sep_conv_5x5', 2), ('sep_conv_5x5', 1), ('max_pool_3x3', 3), ('dil_conv_5x5', 2), ('max_pool_3x3', 3), ('max_pool_3x3', 4)], normal_concat=range(2, 6), reduce=[('max_pool_3x3', 1), ('sep_conv_5x5', 0), ('dil_conv_5x5', 2), ('sep_conv_5x5', 1), ('max_pool_3x3', 3), ('max_pool_3x3', 2), ('max_pool_3x3', 3), ('max_pool_3x3', 4)], reduce_concat=range(2, 6))
2022-04-13 13:34:43,947 valid 000 7.619601e-01 70.312500 98.437500
2022-04-13 13:34:54,362 valid 050 8.297858e-01 71.430760 97.625613
2022-04-13 13:35:04,804 valid 100 8.328572e-01 71.511448 97.547958
2022-04-13 13:35:15,230 valid 150 8.411150e-01 71.021316 97.506209
2022-04-13 13:35:24,692 valid_acc 71.004000
2022-04-13 13:35:26,584 epoch 8 lr 9.381533e-02
2022-04-13 13:35:28,352 train 000 8.018343e-01 71.093750 97.656250
2022-04-13 13:36:56,099 train 050 7.487680e-01 74.402574 98.039216
2022-04-13 13:38:24,205 train 100 7.319927e-01 74.675124 98.267327
2022-04-13 13:39:52,430 train 150 7.265256e-01 74.767177 98.359892
2022-04-13 13:41:11,890 train_acc 74.756000
2022-04-13 13:41:11,892 alphas-normal
2022-04-13 13:41:11,893 tensor([[0.0509, 0.1966, 0.0289, 0.0467, 0.0685, 0.2801, 0.1063, 0.2221],
        [0.0261, 0.1372, 0.0315, 0.0281, 0.2032, 0.3227, 0.0320, 0.2192],
        [0.1039, 0.1577, 0.0770, 0.0886, 0.1579, 0.1455, 0.1324, 0.1370],
        [0.0539, 0.1377, 0.0724, 0.0668, 0.1473, 0.2793, 0.0791, 0.1636],
        [0.0876, 0.1421, 0.0837, 0.0789, 0.1398, 0.2475, 0.1431, 0.0774],
        [0.1188, 0.1455, 0.1027, 0.1094, 0.1326, 0.1382, 0.1129, 0.1398],
        [0.0919, 0.1850, 0.1109, 0.1062, 0.1141, 0.1625, 0.1247, 0.1047],
        [0.0923, 0.1704, 0.0787, 0.0787, 0.1568, 0.1365, 0.1245, 0.1621],
        [0.0968, 0.2311, 0.1108, 0.0935, 0.1048, 0.1423, 0.0974, 0.1233],
        [0.1155, 0.1467, 0.1175, 0.1135, 0.1006, 0.1618, 0.1231, 0.1214],
        [0.1056, 0.1516, 0.1206, 0.1156, 0.1438, 0.1441, 0.1016, 0.1169],
        [0.1078, 0.1696, 0.1048, 0.1018, 0.1177, 0.1639, 0.1068, 0.1276],
        [0.0976, 0.1898, 0.1053, 0.0937, 0.1226, 0.1810, 0.0977, 0.1122],
        [0.1018, 0.1790, 0.1120, 0.0998, 0.1210, 0.1600, 0.1185, 0.1078]],
       device='cuda:0', requires_grad=True)
2022-04-13 13:41:11,909 alphas-reduce
2022-04-13 13:41:11,910 tensor([[0.1008, 0.1276, 0.0734, 0.1065, 0.1679, 0.2026, 0.0952, 0.1260],
        [0.0969, 0.2206, 0.0992, 0.1181, 0.1611, 0.1180, 0.1049, 0.0813],
        [0.1162, 0.1282, 0.1004, 0.1258, 0.1282, 0.1524, 0.1126, 0.1362],
        [0.1092, 0.1467, 0.1071, 0.1199, 0.1255, 0.1802, 0.1134, 0.0980],
        [0.0880, 0.1472, 0.0925, 0.1030, 0.1308, 0.1813, 0.0977, 0.1595],
        [0.1229, 0.1292, 0.1132, 0.1213, 0.1283, 0.1260, 0.1273, 0.1317],
        [0.1206, 0.1361, 0.1216, 0.1218, 0.1158, 0.1334, 0.1286, 0.1222],
        [0.1150, 0.1457, 0.1140, 0.1171, 0.1110, 0.1421, 0.1162, 0.1390],
        [0.1066, 0.1386, 0.1132, 0.1106, 0.1326, 0.1401, 0.1199, 0.1384],
        [0.1242, 0.1267, 0.1205, 0.1217, 0.1279, 0.1263, 0.1219, 0.1307],
        [0.1204, 0.1313, 0.1229, 0.1198, 0.1224, 0.1415, 0.1168, 0.1249],
        [0.1166, 0.1427, 0.1130, 0.1225, 0.1222, 0.1283, 0.1107, 0.1440],
        [0.1039, 0.1402, 0.1109, 0.1110, 0.1292, 0.1427, 0.1260, 0.1360],
        [0.1098, 0.1386, 0.1129, 0.1151, 0.1277, 0.1333, 0.1306, 0.1320]],
       device='cuda:0', requires_grad=True)
2022-04-13 13:41:11,922 edges-normal
2022-04-13 13:41:11,923 tensor([0.5211, 0.4789, 0.1843, 0.3654, 0.4503, 0.1321, 0.2257, 0.2871, 0.3552,
        0.1712, 0.1359, 0.1747, 0.2752, 0.2431], device='cuda:0',
       requires_grad=True)
2022-04-13 13:41:11,927 edges-reduce
2022-04-13 13:41:11,928 tensor([0.3907, 0.6093, 0.1572, 0.3456, 0.4972, 0.1555, 0.2549, 0.2541, 0.3355,
        0.0826, 0.1532, 0.2005, 0.3156, 0.2481], device='cuda:0',
       requires_grad=True)
2022-04-13 13:41:11,933 genotype = Genotype(normal=[('sep_conv_5x5', 1), ('sep_conv_5x5', 0), ('sep_conv_5x5', 2), ('sep_conv_5x5', 1), ('max_pool_3x3', 3), ('max_pool_3x3', 2), ('max_pool_3x3', 3), ('max_pool_3x3', 4)], normal_concat=range(2, 6), reduce=[('max_pool_3x3', 1), ('sep_conv_5x5', 0), ('sep_conv_5x5', 2), ('sep_conv_5x5', 1), ('sep_conv_5x5', 3), ('max_pool_3x3', 2), ('sep_conv_5x5', 3), ('max_pool_3x3', 4)], reduce_concat=range(2, 6))
2022-04-13 13:41:12,169 valid 000 9.110308e-01 72.656250 98.437500
2022-04-13 13:41:22,617 valid 050 9.635084e-01 68.075980 97.196691
2022-04-13 13:41:33,095 valid 100 9.727708e-01 67.465965 97.238552
2022-04-13 13:41:43,527 valid 150 9.741067e-01 67.063328 97.330298
2022-04-13 13:41:53,031 valid_acc 67.208000
2022-04-13 13:41:54,944 epoch 9 lr 9.221640e-02
2022-04-13 13:41:56,703 train 000 6.926922e-01 77.343750 97.656250
2022-04-13 13:43:24,772 train 050 6.924942e-01 75.827206 98.866422
2022-04-13 13:44:52,402 train 100 6.930892e-01 75.634282 98.746906
2022-04-13 13:46:20,411 train 150 6.960224e-01 75.677773 98.634106
2022-04-13 13:47:39,296 train_acc 76.016000
2022-04-13 13:47:39,298 alphas-normal
2022-04-13 13:47:39,299 tensor([[0.0445, 0.1914, 0.0217, 0.0392, 0.0882, 0.2523, 0.1153, 0.2473],
        [0.0247, 0.1270, 0.0222, 0.0215, 0.2320, 0.3119, 0.0344, 0.2263],
        [0.0999, 0.1618, 0.0761, 0.0872, 0.1620, 0.1498, 0.1262, 0.1370],
        [0.0477, 0.1363, 0.0631, 0.0578, 0.1494, 0.3047, 0.0716, 0.1694],
        [0.0834, 0.1130, 0.0652, 0.0701, 0.1716, 0.2639, 0.1485, 0.0843],
        [0.1183, 0.1489, 0.1007, 0.1093, 0.1348, 0.1390, 0.1126, 0.1364],
        [0.0898, 0.1905, 0.1081, 0.1036, 0.1165, 0.1720, 0.1206, 0.0989],
        [0.0864, 0.1753, 0.0743, 0.0749, 0.1554, 0.1516, 0.1280, 0.1541],
        [0.0920, 0.2628, 0.1140, 0.0911, 0.0957, 0.1366, 0.0932, 0.1146],
        [0.1137, 0.1475, 0.1162, 0.1123, 0.1005, 0.1682, 0.1251, 0.1164],
        [0.1048, 0.1563, 0.1205, 0.1154, 0.1438, 0.1444, 0.0996, 0.1152],
        [0.1064, 0.1693, 0.1017, 0.0989, 0.1158, 0.1731, 0.1066, 0.1281],
        [0.0917, 0.1947, 0.1012, 0.0876, 0.1225, 0.1949, 0.0946, 0.1128],
        [0.0995, 0.1867, 0.1113, 0.0973, 0.1179, 0.1731, 0.1120, 0.1022]],
       device='cuda:0', requires_grad=True)
2022-04-13 13:47:39,314 alphas-reduce
2022-04-13 13:47:39,315 tensor([[0.0964, 0.1283, 0.0685, 0.1013, 0.1867, 0.2098, 0.0907, 0.1183],
        [0.0925, 0.2504, 0.0989, 0.1106, 0.1533, 0.1236, 0.0919, 0.0788],
        [0.1153, 0.1315, 0.1003, 0.1251, 0.1305, 0.1512, 0.1103, 0.1357],
        [0.1086, 0.1539, 0.1051, 0.1190, 0.1272, 0.1768, 0.1129, 0.0965],
        [0.0848, 0.1491, 0.0895, 0.1012, 0.1276, 0.1992, 0.0971, 0.1514],
        [0.1229, 0.1300, 0.1124, 0.1213, 0.1290, 0.1262, 0.1267, 0.1315],
        [0.1199, 0.1365, 0.1205, 0.1225, 0.1158, 0.1366, 0.1265, 0.1216],
        [0.1141, 0.1496, 0.1131, 0.1164, 0.1103, 0.1454, 0.1143, 0.1369],
        [0.1042, 0.1430, 0.1124, 0.1087, 0.1290, 0.1458, 0.1180, 0.1389],
        [0.1237, 0.1272, 0.1207, 0.1212, 0.1285, 0.1264, 0.1212, 0.1312],
        [0.1200, 0.1318, 0.1225, 0.1199, 0.1233, 0.1423, 0.1159, 0.1243],
        [0.1159, 0.1457, 0.1122, 0.1218, 0.1231, 0.1277, 0.1087, 0.1449],
        [0.1015, 0.1464, 0.1114, 0.1095, 0.1266, 0.1454, 0.1238, 0.1354],
        [0.1082, 0.1433, 0.1132, 0.1142, 0.1250, 0.1349, 0.1291, 0.1319]],
       device='cuda:0', requires_grad=True)
2022-04-13 13:47:39,328 edges-normal
2022-04-13 13:47:39,329 tensor([0.5343, 0.4657, 0.2144, 0.3602, 0.4254, 0.1236, 0.2002, 0.3127, 0.3636,
        0.1708, 0.1293, 0.1635, 0.2967, 0.2398], device='cuda:0',
       requires_grad=True)
2022-04-13 13:47:39,333 edges-reduce
2022-04-13 13:47:39,334 tensor([0.4060, 0.5940, 0.1543, 0.3406, 0.5050, 0.1504, 0.2490, 0.2538, 0.3467,
        0.0799, 0.1503, 0.1986, 0.3224, 0.2487], device='cuda:0',
       requires_grad=True)
2022-04-13 13:47:39,340 genotype = Genotype(normal=[('sep_conv_5x5', 1), ('sep_conv_5x5', 0), ('sep_conv_5x5', 2), ('sep_conv_5x5', 1), ('max_pool_3x3', 3), ('max_pool_3x3', 2), ('sep_conv_5x5', 3), ('max_pool_3x3', 4)], normal_concat=range(2, 6), reduce=[('max_pool_3x3', 1), ('sep_conv_5x5', 0), ('sep_conv_5x5', 2), ('sep_conv_5x5', 1), ('sep_conv_5x5', 3), ('max_pool_3x3', 2), ('max_pool_3x3', 3), ('max_pool_3x3', 4)], reduce_concat=range(2, 6))
2022-04-13 13:47:39,574 valid 000 9.201207e-01 68.750000 96.093750
