2021-06-02 01:31:19,524 gpu device = 0
2021-06-02 01:31:19,637 args = Namespace(arch_learning_rate=0.0003, batch_size=64, cutout=False, cutout_length=16, cutout_prob=1.0, data='datapath', dataset='cifar10', gpu=0, grad_clip=5, init_channels=16, k=4, learning_rate=0.025, learning_rate_min=0.001, method='dirichlet', momentum=0.9, reg_scale=0.001, reg_type='l2', report_freq=50, save='experiments/nasbench201/dirichlet-search-progressive-exp-20210602-013114-7127-pc-4', seed=7127, tau_max=10, tau_min=1, train_portion=0.5, unrolled=False, weight_decay=0.0003)
2021-06-02 01:31:22,359 param size = 0.174136MB
2021-06-02 01:31:24,570 epoch 0 lr 2.500000e-02
2021-06-02 01:31:24,612 genotype = Structure(4 nodes with |skip_connect~0|+|nor_conv_1x1~0|skip_connect~1|+|nor_conv_3x3~0|nor_conv_1x1~1|none~2|)
2021-06-02 01:31:24,627 arch-parameters :
tensor([[0.2000, 0.2002, 0.1998, 0.2002, 0.1998],
        [0.2002, 0.2000, 0.2002, 0.1997, 0.1999],
        [0.1999, 0.2002, 0.2000, 0.2001, 0.1998],
        [0.1996, 0.2002, 0.2001, 0.2003, 0.1997],
        [0.2000, 0.2000, 0.2003, 0.1999, 0.1998],
        [0.2004, 0.2000, 0.1999, 0.1998, 0.1999]])
2021-06-02 01:31:24,631 concentration :
tensor([[1.0012, 1.0021, 0.9998, 1.0017, 1.0001],
        [1.0013, 1.0002, 1.0014, 0.9987, 0.9999],
        [0.9991, 1.0004, 0.9996, 1.0001, 0.9987],
        [0.9986, 1.0015, 1.0009, 1.0019, 0.9991],
        [0.9992, 0.9996, 1.0008, 0.9988, 0.9984],
        [1.0015, 0.9996, 0.9994, 0.9987, 0.9993]])
2021-06-02 01:31:25,415 train 000 2.382283e+00 15.625000 32.812500
2021-06-02 01:31:35,637 train 050 2.168947e+00 18.106619 66.544121
2021-06-02 01:31:45,749 train 100 2.134843e+00 19.059406 71.116951
2021-06-02 01:31:55,943 train 150 2.110779e+00 20.457367 72.702812
2021-06-02 01:32:06,085 train 200 2.100719e+00 21.369713 73.515236
2021-06-02 01:32:16,146 train 250 2.092717e+00 21.489044 74.240540
2021-06-02 01:32:26,301 train 300 2.082859e+00 21.978821 74.953278
2021-06-02 01:32:36,437 train 350 2.077781e+00 22.280092 75.342773
2021-06-02 01:32:44,744 train_acc 22.675999
2021-06-02 01:32:44,825 valid 000 1.902251e+00 26.562500 84.375000
2021-06-02 01:32:48,552 valid 050 2.140730e+00 23.927696 76.715691
2021-06-02 01:32:52,246 valid 100 2.138036e+00 23.669554 76.748146
2021-06-02 01:32:55,952 valid 150 2.124573e+00 23.313328 76.810844
2021-06-02 01:32:59,650 valid 200 2.130048e+00 23.157648 76.741295
2021-06-02 01:33:03,362 valid 250 2.121040e+00 23.387699 76.948456
2021-06-02 01:33:07,077 valid 300 2.123003e+00 23.344061 77.055649
2021-06-02 01:33:10,767 valid 350 2.126082e+00 23.357372 77.065529
2021-06-02 01:33:13,714 valid_acc 23.480000
2021-06-02 01:33:13,715 epoch 1 lr 2.498816e-02
2021-06-02 01:33:13,717 genotype = Structure(4 nodes with |skip_connect~0|+|nor_conv_1x1~0|skip_connect~1|+|nor_conv_3x3~0|nor_conv_1x1~1|none~2|)
2021-06-02 01:33:13,718 arch-parameters :
tensor([[0.2000, 0.2002, 0.1998, 0.2002, 0.1998],
        [0.2002, 0.2000, 0.2002, 0.1997, 0.1999],
        [0.1999, 0.2002, 0.2000, 0.2001, 0.1998],
        [0.1996, 0.2002, 0.2001, 0.2003, 0.1997],
        [0.2000, 0.2000, 0.2003, 0.1999, 0.1998],
        [0.2004, 0.2000, 0.1999, 0.1998, 0.1999]])
2021-06-02 01:33:13,719 concentration :
tensor([[1.0012, 1.0021, 0.9998, 1.0017, 1.0001],
        [1.0013, 1.0002, 1.0014, 0.9987, 0.9999],
        [0.9991, 1.0004, 0.9996, 1.0001, 0.9987],
        [0.9986, 1.0015, 1.0009, 1.0019, 0.9991],
        [0.9992, 0.9996, 1.0008, 0.9988, 0.9984],
        [1.0015, 0.9996, 0.9994, 0.9987, 0.9993]])
2021-06-02 01:33:13,949 train 000 1.992569e+00 21.875000 79.687500
2021-06-02 01:33:24,028 train 050 2.027220e+00 24.264708 78.462013
2021-06-02 01:33:34,198 train 100 2.022008e+00 24.953588 78.650986
2021-06-02 01:33:44,380 train 150 2.020592e+00 25.010347 78.414734
2021-06-02 01:33:54,553 train 200 2.021555e+00 25.233208 78.474815
2021-06-02 01:34:04,824 train 250 2.018281e+00 25.224104 78.679039
2021-06-02 01:34:15,105 train 300 2.011502e+00 25.207640 79.074959
2021-06-02 01:34:25,441 train 350 2.009505e+00 25.244837 79.300217
2021-06-02 01:34:33,741 train_acc 25.219999
2021-06-02 01:34:33,821 valid 000 2.025823e+00 31.250000 82.812500
2021-06-02 01:34:37,540 valid 050 2.062685e+00 23.866423 76.286766
2021-06-02 01:34:41,263 valid 100 2.062576e+00 24.040842 76.701729
2021-06-02 01:34:44,994 valid 150 2.076945e+00 23.634106 76.510765
2021-06-02 01:34:48,716 valid 200 2.075053e+00 23.476368 76.438118
2021-06-02 01:34:52,440 valid 250 2.074913e+00 23.362799 76.550049
2021-06-02 01:34:56,180 valid 300 2.079241e+00 23.255814 76.256226
2021-06-02 01:34:59,923 valid 350 2.081310e+00 23.214922 76.170761
2021-06-02 01:35:02,906 valid_acc 23.132000
2021-06-02 01:35:02,906 epoch 2 lr 2.495858e-02
2021-06-02 01:35:02,907 genotype = Structure(4 nodes with |skip_connect~0|+|nor_conv_1x1~0|skip_connect~1|+|nor_conv_3x3~0|nor_conv_1x1~1|none~2|)
2021-06-02 01:35:02,908 arch-parameters :
tensor([[0.2000, 0.2002, 0.1998, 0.2002, 0.1998],
        [0.2002, 0.2000, 0.2002, 0.1997, 0.1999],
        [0.1999, 0.2002, 0.2000, 0.2001, 0.1998],
        [0.1996, 0.2002, 0.2001, 0.2003, 0.1997],
        [0.2000, 0.2000, 0.2003, 0.1999, 0.1998],
        [0.2004, 0.2000, 0.1999, 0.1998, 0.1999]])
2021-06-02 01:35:02,909 concentration :
tensor([[1.0012, 1.0021, 0.9998, 1.0017, 1.0001],
        [1.0013, 1.0002, 1.0014, 0.9987, 0.9999],
        [0.9991, 1.0004, 0.9996, 1.0001, 0.9987],
        [0.9986, 1.0015, 1.0009, 1.0019, 0.9991],
        [0.9992, 0.9996, 1.0008, 0.9988, 0.9984],
        [1.0015, 0.9996, 0.9994, 0.9987, 0.9993]])
2021-06-02 01:35:03,124 train 000 1.995493e+00 20.312500 79.687500
2021-06-02 01:35:13,449 train 050 1.991943e+00 27.236521 79.901962
2021-06-02 01:35:23,963 train 100 1.973163e+00 26.779083 80.414604
2021-06-02 01:35:34,642 train 150 1.970859e+00 26.779800 80.463577
2021-06-02 01:35:44,897 train 200 1.971543e+00 26.764614 80.573692
2021-06-02 01:38:05,852 train 250 1.972536e+00 26.568726 80.639946
2021-06-02 01:38:16,177 train 300 1.974710e+00 26.552116 80.611504
2021-06-02 01:38:26,501 train 350 1.972569e+00 26.696047 80.689102
2021-06-02 01:38:34,978 train_acc 26.639999
2021-06-02 01:38:35,060 valid 000 2.113488e+00 14.062500 73.437500
2021-06-02 01:38:38,865 valid 050 2.060077e+00 23.590687 78.553925
2021-06-02 01:38:42,636 valid 100 2.080681e+00 23.251856 78.341583
2021-06-02 01:38:46,390 valid 150 2.079060e+00 23.540977 78.425079
2021-06-02 01:38:50,107 valid 200 2.067434e+00 24.230410 78.770210
2021-06-02 01:38:53,861 valid 250 2.059630e+00 24.246763 78.990288
2021-06-02 01:38:57,627 valid 300 2.056810e+00 24.018894 79.064575
2021-06-02 01:39:01,340 valid 350 2.057745e+00 23.927172 79.064278
2021-06-02 01:39:04,314 valid_acc 23.948000
2021-06-02 01:39:04,315 epoch 3 lr 2.491720e-02
2021-06-02 01:39:04,316 genotype = Structure(4 nodes with |skip_connect~0|+|nor_conv_1x1~0|skip_connect~1|+|nor_conv_3x3~0|nor_conv_1x1~1|none~2|)
2021-06-02 01:39:04,317 arch-parameters :
tensor([[0.2000, 0.2002, 0.1998, 0.2002, 0.1998],
        [0.2002, 0.2000, 0.2002, 0.1997, 0.1999],
        [0.1999, 0.2002, 0.2000, 0.2001, 0.1998],
        [0.1996, 0.2002, 0.2001, 0.2003, 0.1997],
        [0.2000, 0.2000, 0.2003, 0.1999, 0.1998],
        [0.2004, 0.2000, 0.1999, 0.1998, 0.1999]])
2021-06-02 01:39:04,318 concentration :
tensor([[1.0012, 1.0021, 0.9998, 1.0017, 1.0001],
        [1.0013, 1.0002, 1.0014, 0.9987, 0.9999],
        [0.9991, 1.0004, 0.9996, 1.0001, 0.9987],
        [0.9986, 1.0015, 1.0009, 1.0019, 0.9991],
        [0.9992, 0.9996, 1.0008, 0.9988, 0.9984],
        [1.0015, 0.9996, 0.9994, 0.9987, 0.9993]])
2021-06-02 01:39:04,530 train 000 1.990967e+00 32.812500 76.562500
2021-06-02 01:39:14,689 train 050 1.985891e+00 26.470589 81.035545
2021-06-02 01:39:24,720 train 100 1.977005e+00 26.330444 80.770416
2021-06-02 01:39:34,634 train 150 1.961482e+00 26.345200 81.353477
2021-06-02 01:39:44,733 train 200 1.963200e+00 26.368158 81.211128
2021-06-02 01:39:54,830 train 250 1.963561e+00 26.394423 81.169075
2021-06-02 01:40:04,914 train 300 1.962397e+00 26.520971 81.322670
2021-06-02 01:40:15,013 train 350 1.958451e+00 26.673790 81.334579
2021-06-02 01:40:23,073 train_acc 26.959999
2021-06-02 01:40:23,152 valid 000 1.995785e+00 20.312500 79.687500
2021-06-02 01:40:26,821 valid 050 2.093965e+00 22.763481 77.083336
2021-06-02 01:40:30,492 valid 100 2.109449e+00 20.513613 76.438736
2021-06-02 01:40:34,142 valid 150 2.105481e+00 21.119619 76.303810
2021-06-02 01:40:37,795 valid 200 2.113367e+00 20.530161 76.072762
2021-06-02 01:40:41,450 valid 250 2.111593e+00 20.468128 76.238800
2021-06-02 01:40:45,113 valid 300 2.111883e+00 20.379982 76.188744
2021-06-02 01:40:48,764 valid 350 2.108232e+00 20.392628 76.233086
2021-06-02 01:40:51,686 valid_acc 20.567999
2021-06-02 01:40:51,686 epoch 4 lr 2.486408e-02
2021-06-02 01:40:51,687 genotype = Structure(4 nodes with |skip_connect~0|+|nor_conv_1x1~0|skip_connect~1|+|nor_conv_3x3~0|nor_conv_1x1~1|none~2|)
2021-06-02 01:40:51,688 arch-parameters :
tensor([[0.2000, 0.2002, 0.1998, 0.2002, 0.1998],
        [0.2002, 0.2000, 0.2002, 0.1997, 0.1999],
        [0.1999, 0.2002, 0.2000, 0.2001, 0.1998],
        [0.1996, 0.2002, 0.2001, 0.2003, 0.1997],
        [0.2000, 0.2000, 0.2003, 0.1999, 0.1998],
        [0.2004, 0.2000, 0.1999, 0.1998, 0.1999]])
2021-06-02 01:40:51,689 concentration :
tensor([[1.0012, 1.0021, 0.9998, 1.0017, 1.0001],
        [1.0013, 1.0002, 1.0014, 0.9987, 0.9999],
        [0.9991, 1.0004, 0.9996, 1.0001, 0.9987],
        [0.9986, 1.0015, 1.0009, 1.0019, 0.9991],
        [0.9992, 0.9996, 1.0008, 0.9988, 0.9984],
        [1.0015, 0.9996, 0.9994, 0.9987, 0.9993]])
2021-06-02 01:40:51,897 train 000 1.857275e+00 26.562500 84.375000
2021-06-02 01:41:01,934 train 050 1.964696e+00 27.175245 81.280640
2021-06-02 01:41:11,852 train 100 1.959903e+00 27.258663 81.698639
2021-06-02 01:41:21,801 train 150 1.950453e+00 27.421358 81.912254
2021-06-02 01:41:31,757 train 200 1.946151e+00 27.751865 81.755287
2021-06-02 01:41:41,691 train 250 1.946210e+00 27.558517 81.853836
2021-06-02 01:41:51,597 train 300 1.944556e+00 27.439783 81.722382
2021-06-02 01:42:01,563 train 350 1.946125e+00 27.305912 81.668449
2021-06-02 01:42:09,482 train_acc 27.476000
2021-06-02 01:42:09,563 valid 000 1.861463e+00 35.937500 84.375000
2021-06-02 01:42:13,220 valid 050 2.138155e+00 23.468138 77.450981
2021-06-02 01:42:16,876 valid 100 2.103204e+00 23.468441 77.397896
2021-06-02 01:42:20,532 valid 150 2.086487e+00 24.120447 77.762833
2021-06-02 01:42:24,188 valid 200 2.087961e+00 24.028296 77.378731
2021-06-02 01:42:27,843 valid 250 2.077277e+00 24.066236 77.683022
2021-06-02 01:42:31,501 valid 300 2.090933e+00 23.868355 77.564369
2021-06-02 01:42:35,156 valid 350 2.083792e+00 24.042913 77.773323
2021-06-02 01:42:38,078 valid_acc 24.087999
2021-06-02 01:42:38,079 epoch 5 lr 2.479926e-02
2021-06-02 01:42:38,080 genotype = Structure(4 nodes with |skip_connect~0|+|nor_conv_1x1~0|skip_connect~1|+|nor_conv_3x3~0|nor_conv_1x1~1|none~2|)
2021-06-02 01:42:38,081 arch-parameters :
tensor([[0.2000, 0.2002, 0.1998, 0.2002, 0.1998],
        [0.2002, 0.2000, 0.2002, 0.1997, 0.1999],
        [0.1999, 0.2002, 0.2000, 0.2001, 0.1998],
        [0.1996, 0.2002, 0.2001, 0.2003, 0.1997],
        [0.2000, 0.2000, 0.2003, 0.1999, 0.1998],
        [0.2004, 0.2000, 0.1999, 0.1998, 0.1999]])
2021-06-02 01:42:38,082 concentration :
tensor([[1.0012, 1.0021, 0.9998, 1.0017, 1.0001],
        [1.0013, 1.0002, 1.0014, 0.9987, 0.9999],
        [0.9991, 1.0004, 0.9996, 1.0001, 0.9987],
        [0.9986, 1.0015, 1.0009, 1.0019, 0.9991],
        [0.9992, 0.9996, 1.0008, 0.9988, 0.9984],
        [1.0015, 0.9996, 0.9994, 0.9987, 0.9993]])
2021-06-02 01:42:38,286 train 000 1.914002e+00 29.687500 90.625000
2021-06-02 01:42:48,181 train 050 1.928850e+00 27.971815 82.383583
2021-06-02 01:42:58,087 train 100 1.930307e+00 27.691832 82.255569
2021-06-02 01:43:08,040 train 150 1.928759e+00 27.369619 82.201988
2021-06-02 01:43:17,961 train 200 1.931600e+00 27.285448 82.268341
2021-06-02 01:43:27,903 train 250 1.937034e+00 27.359314 82.003242
2021-06-02 01:43:37,834 train 300 1.937444e+00 27.538412 81.981934
2021-06-02 01:43:47,794 train 350 1.937598e+00 27.417200 81.980057
2021-06-02 01:43:55,737 train_acc 27.463999
2021-06-02 01:43:55,815 valid 000 1.861142e+00 21.875000 85.937500
2021-06-02 01:43:59,472 valid 050 2.124091e+00 22.181374 78.523285
2021-06-02 01:44:03,203 valid 100 2.128171e+00 22.555693 77.985764
2021-06-02 01:44:07,173 valid 150 2.109752e+00 22.661425 78.507866
2021-06-02 01:44:11,192 valid 200 2.142432e+00 22.535759 78.412621
2021-06-02 01:44:15,037 valid 250 2.121091e+00 22.839891 78.697708
2021-06-02 01:44:18,821 valid 300 2.112586e+00 22.752283 78.945183
2021-06-02 01:44:22,663 valid 350 2.112283e+00 22.645121 78.904022
2021-06-02 01:44:25,813 valid_acc 22.608000
2021-06-02 01:44:25,814 epoch 6 lr 2.472281e-02
2021-06-02 01:44:25,816 genotype = Structure(4 nodes with |skip_connect~0|+|nor_conv_1x1~0|skip_connect~1|+|nor_conv_3x3~0|nor_conv_1x1~1|none~2|)
2021-06-02 01:44:25,817 arch-parameters :
tensor([[0.2000, 0.2002, 0.1998, 0.2002, 0.1998],
        [0.2002, 0.2000, 0.2002, 0.1997, 0.1999],
        [0.1999, 0.2002, 0.2000, 0.2001, 0.1998],
        [0.1996, 0.2002, 0.2001, 0.2003, 0.1997],
        [0.2000, 0.2000, 0.2003, 0.1999, 0.1998],
        [0.2004, 0.2000, 0.1999, 0.1998, 0.1999]])
2021-06-02 01:44:25,818 concentration :
tensor([[1.0012, 1.0021, 0.9998, 1.0017, 1.0001],
        [1.0013, 1.0002, 1.0014, 0.9987, 0.9999],
        [0.9991, 1.0004, 0.9996, 1.0001, 0.9987],
        [0.9986, 1.0015, 1.0009, 1.0019, 0.9991],
        [0.9992, 0.9996, 1.0008, 0.9988, 0.9984],
        [1.0015, 0.9996, 0.9994, 0.9987, 0.9993]])
2021-06-02 01:44:26,029 train 000 1.898289e+00 31.250000 84.375000
2021-06-02 01:44:36,220 train 050 1.931645e+00 28.155638 81.556374
2021-06-02 01:44:46,479 train 100 1.932929e+00 28.357054 82.131805
2021-06-02 01:44:56,852 train 150 1.923988e+00 28.238825 82.295113
2021-06-02 01:45:07,177 train 200 1.919937e+00 28.490360 82.252800
2021-06-02 01:45:17,893 train 250 1.917137e+00 28.442480 82.476349
2021-06-02 01:45:28,407 train 300 1.917501e+00 28.426079 82.392021
2021-06-02 01:45:39,200 train 350 1.918754e+00 28.400997 82.291664
2021-06-02 01:45:47,726 train_acc 28.431999
2021-06-02 01:45:47,807 valid 000 1.999739e+00 25.000000 75.000000
2021-06-02 01:45:51,560 valid 050 2.062808e+00 21.905638 79.013481
2021-06-02 01:45:55,309 valid 100 2.025802e+00 22.957920 79.873146
2021-06-02 01:45:59,124 valid 150 2.040777e+00 22.764900 79.108032
2021-06-02 01:46:02,900 valid 200 2.038597e+00 23.002176 79.446518
2021-06-02 01:46:06,698 valid 250 2.047261e+00 22.721615 79.201942
2021-06-02 01:46:10,482 valid 300 2.046732e+00 23.037790 79.267021
2021-06-02 01:46:14,272 valid 350 2.045305e+00 23.108084 79.451569
2021-06-02 01:46:17,286 valid_acc 22.911999
2021-06-02 01:46:17,287 epoch 7 lr 2.463480e-02
2021-06-02 01:46:17,288 genotype = Structure(4 nodes with |skip_connect~0|+|nor_conv_1x1~0|skip_connect~1|+|nor_conv_3x3~0|nor_conv_1x1~1|none~2|)
2021-06-02 01:46:17,289 arch-parameters :
tensor([[0.2000, 0.2002, 0.1998, 0.2002, 0.1998],
        [0.2002, 0.2000, 0.2002, 0.1997, 0.1999],
        [0.1999, 0.2002, 0.2000, 0.2001, 0.1998],
        [0.1996, 0.2002, 0.2001, 0.2003, 0.1997],
        [0.2000, 0.2000, 0.2003, 0.1999, 0.1998],
        [0.2004, 0.2000, 0.1999, 0.1998, 0.1999]])
2021-06-02 01:46:17,289 concentration :
tensor([[1.0012, 1.0021, 0.9998, 1.0017, 1.0001],
        [1.0013, 1.0002, 1.0014, 0.9987, 0.9999],
        [0.9991, 1.0004, 0.9996, 1.0001, 0.9987],
        [0.9986, 1.0015, 1.0009, 1.0019, 0.9991],
        [0.9992, 0.9996, 1.0008, 0.9988, 0.9984],
        [1.0015, 0.9996, 0.9994, 0.9987, 0.9993]])
2021-06-02 01:46:17,509 train 000 2.010004e+00 20.312500 78.125000
2021-06-02 01:46:28,598 train 050 1.916689e+00 28.553923 82.873779
2021-06-02 01:46:39,832 train 100 1.910838e+00 28.635519 83.431313
2021-06-02 01:46:50,689 train 150 1.912777e+00 28.414736 83.091888
2021-06-02 01:47:01,329 train 200 1.910203e+00 28.288246 83.146767
2021-06-02 01:47:12,156 train 250 1.909071e+00 28.510958 83.086411
2021-06-02 01:47:23,021 train 300 1.908125e+00 28.566236 83.118767
2021-06-02 01:47:34,224 train 350 1.904772e+00 28.725962 83.253204
2021-06-02 01:47:42,767 train_acc 28.647999
2021-06-02 01:47:42,847 valid 000 2.073044e+00 23.437500 71.875000
2021-06-02 01:47:46,575 valid 050 2.100651e+00 22.395834 77.879906
2021-06-02 01:47:50,352 valid 100 2.101134e+00 21.998762 78.295174
2021-06-02 01:47:54,151 valid 150 2.091700e+00 22.588989 78.476822
2021-06-02 01:47:57,963 valid 200 2.089213e+00 22.870024 78.544777
2021-06-02 01:48:01,716 valid 250 2.079571e+00 23.082670 78.797310
2021-06-02 01:48:05,504 valid 300 2.077328e+00 23.240240 78.971138
2021-06-02 01:48:09,246 valid 350 2.075718e+00 23.223825 79.082085
2021-06-02 01:48:12,267 valid_acc 23.167999
2021-06-02 01:48:12,268 epoch 8 lr 2.453532e-02
2021-06-02 01:48:12,269 genotype = Structure(4 nodes with |skip_connect~0|+|nor_conv_1x1~0|skip_connect~1|+|nor_conv_3x3~0|nor_conv_1x1~1|none~2|)
2021-06-02 01:48:12,270 arch-parameters :
tensor([[0.2000, 0.2002, 0.1998, 0.2002, 0.1998],
        [0.2002, 0.2000, 0.2002, 0.1997, 0.1999],
        [0.1999, 0.2002, 0.2000, 0.2001, 0.1998],
        [0.1996, 0.2002, 0.2001, 0.2003, 0.1997],
        [0.2000, 0.2000, 0.2003, 0.1999, 0.1998],
        [0.2004, 0.2000, 0.1999, 0.1998, 0.1999]])
2021-06-02 01:48:12,270 concentration :
tensor([[1.0012, 1.0021, 0.9998, 1.0017, 1.0001],
        [1.0013, 1.0002, 1.0014, 0.9987, 0.9999],
        [0.9991, 1.0004, 0.9996, 1.0001, 0.9987],
        [0.9986, 1.0015, 1.0009, 1.0019, 0.9991],
        [0.9992, 0.9996, 1.0008, 0.9988, 0.9984],
        [1.0015, 0.9996, 0.9994, 0.9987, 0.9993]])
2021-06-02 01:48:12,492 train 000 2.088150e+00 25.000000 78.125000
2021-06-02 01:48:22,998 train 050 1.895289e+00 28.860294 82.475494
2021-06-02 01:48:33,551 train 100 1.894109e+00 29.022276 83.230194
2021-06-02 01:48:44,111 train 150 1.891669e+00 29.377069 83.329887
2021-06-02 01:48:54,532 train 200 1.891941e+00 29.127798 83.193405
2021-06-02 01:49:04,553 train 250 1.890957e+00 29.058765 83.372765
2021-06-02 01:49:14,439 train 300 1.892674e+00 29.111296 83.274498
2021-06-02 01:49:24,595 train 350 1.888143e+00 29.255697 83.306625
2021-06-02 01:49:32,714 train_acc 29.191999
2021-06-02 01:49:32,793 valid 000 2.333071e+00 18.750000 75.000000
2021-06-02 01:49:36,457 valid 050 2.121294e+00 23.039217 77.144608
2021-06-02 01:49:40,131 valid 100 2.103608e+00 23.220915 78.109528
2021-06-02 01:49:43,828 valid 150 2.079167e+00 23.634106 78.518211
2021-06-02 01:49:47,503 valid 200 2.081084e+00 23.476368 78.459267
2021-06-02 01:49:51,173 valid 250 2.099121e+00 23.269423 78.149902
2021-06-02 01:49:54,848 valid 300 2.092467e+00 23.302532 78.166527
2021-06-02 01:49:58,521 valid 350 2.079612e+00 23.441952 78.400993
2021-06-02 01:50:01,456 valid_acc 23.552000
2021-06-02 01:50:01,457 epoch 9 lr 2.442447e-02
2021-06-02 01:50:01,458 genotype = Structure(4 nodes with |skip_connect~0|+|nor_conv_1x1~0|skip_connect~1|+|nor_conv_3x3~0|nor_conv_1x1~1|none~2|)
2021-06-02 01:50:01,460 arch-parameters :
tensor([[0.2000, 0.2002, 0.1998, 0.2002, 0.1998],
        [0.2002, 0.2000, 0.2002, 0.1997, 0.1999],
        [0.1999, 0.2002, 0.2000, 0.2001, 0.1998],
        [0.1996, 0.2002, 0.2001, 0.2003, 0.1997],
        [0.2000, 0.2000, 0.2003, 0.1999, 0.1998],
        [0.2004, 0.2000, 0.1999, 0.1998, 0.1999]])
2021-06-02 01:50:01,460 concentration :
tensor([[1.0012, 1.0021, 0.9998, 1.0017, 1.0001],
        [1.0013, 1.0002, 1.0014, 0.9987, 0.9999],
        [0.9991, 1.0004, 0.9996, 1.0001, 0.9987],
        [0.9986, 1.0015, 1.0009, 1.0019, 0.9991],
        [0.9992, 0.9996, 1.0008, 0.9988, 0.9984],
        [1.0015, 0.9996, 0.9994, 0.9987, 0.9993]])
2021-06-02 01:50:01,669 train 000 1.974627e+00 20.312500 79.687500
2021-06-02 01:50:11,941 train 050 1.876909e+00 30.085785 83.455887
2021-06-02 01:50:22,105 train 100 1.879036e+00 30.399134 83.493195
2021-06-02 01:50:32,238 train 150 1.881605e+00 30.008278 83.485100
2021-06-02 01:50:42,400 train 200 1.884322e+00 29.889614 83.341103
2021-06-02 01:50:52,503 train 250 1.879620e+00 29.724852 83.484810
2021-06-02 01:51:02,630 train 300 1.879021e+00 29.620016 83.560005
2021-06-02 01:51:12,647 train 350 1.877988e+00 29.683048 83.560364
2021-06-02 01:51:20,680 train_acc 29.627998
2021-06-02 01:51:20,759 valid 000 1.965262e+00 23.437500 79.687500
2021-06-02 01:51:24,411 valid 050 2.036861e+00 25.704659 80.422798
2021-06-02 01:51:28,071 valid 100 2.047353e+00 25.309406 79.378090
2021-06-02 01:51:31,727 valid 150 2.049304e+00 24.824089 79.035599
2021-06-02 01:51:35,390 valid 200 2.057845e+00 24.556902 78.638062
2021-06-02 01:51:39,043 valid 250 2.051593e+00 24.595369 78.828438
2021-06-02 01:51:42,692 valid 300 2.055390e+00 24.589909 78.986710
2021-06-02 01:51:46,349 valid 350 2.063866e+00 24.608261 78.952988
2021-06-02 01:51:49,269 valid_acc 24.647999
2021-06-02 01:51:49,270 epoch 10 lr 2.430235e-02
2021-06-02 01:51:49,271 genotype = Structure(4 nodes with |skip_connect~0|+|nor_conv_1x1~0|skip_connect~1|+|nor_conv_3x3~0|nor_conv_1x1~1|none~2|)
2021-06-02 01:51:49,272 arch-parameters :
tensor([[0.2000, 0.2002, 0.1998, 0.2002, 0.1998],
        [0.2002, 0.2000, 0.2002, 0.1997, 0.1999],
        [0.1999, 0.2002, 0.2000, 0.2001, 0.1998],
        [0.1996, 0.2002, 0.2001, 0.2003, 0.1997],
        [0.2000, 0.2000, 0.2003, 0.1999, 0.1998],
        [0.2004, 0.2000, 0.1999, 0.1998, 0.1999]])
2021-06-02 01:51:49,273 concentration :
tensor([[1.0012, 1.0021, 0.9998, 1.0017, 1.0001],
        [1.0013, 1.0002, 1.0014, 0.9987, 0.9999],
        [0.9991, 1.0004, 0.9996, 1.0001, 0.9987],
        [0.9986, 1.0015, 1.0009, 1.0019, 0.9991],
        [0.9992, 0.9996, 1.0008, 0.9988, 0.9984],
        [1.0015, 0.9996, 0.9994, 0.9987, 0.9993]])
2021-06-02 01:51:49,639 train 000 1.875906e+00 25.000000 84.375000
2021-06-02 01:52:07,423 train 050 1.888867e+00 29.013481 84.129906
2021-06-02 01:52:25,189 train 100 1.880387e+00 28.573639 84.050125
2021-06-02 01:52:43,167 train 150 1.872542e+00 29.045944 84.281868
2021-06-02 01:53:00,921 train 200 1.865992e+00 29.703047 84.413864
2021-06-02 01:53:18,531 train 250 1.868584e+00 29.799553 84.337654
2021-06-02 01:53:36,098 train 300 1.863683e+00 30.097591 84.317894
2021-06-02 01:53:53,655 train 350 1.861416e+00 30.226139 84.281517
2021-06-02 01:54:07,670 train_acc 30.296000
2021-06-02 01:54:07,749 valid 000 1.903127e+00 28.125000 81.250000
2021-06-02 01:54:11,406 valid 050 2.135944e+00 22.150736 75.428925
2021-06-02 01:54:15,072 valid 100 2.102032e+00 22.633043 76.113861
2021-06-02 01:54:18,735 valid 150 2.105235e+00 22.350994 75.734688
2021-06-02 01:54:22,398 valid 200 2.103216e+00 22.660137 75.956154
2021-06-02 01:54:26,061 valid 250 2.096968e+00 22.927042 76.145424
2021-06-02 01:54:29,728 valid 300 2.093672e+00 22.762665 76.380814
2021-06-02 01:54:33,393 valid 350 2.092505e+00 22.747507 76.424500
2021-06-02 01:54:36,321 valid_acc 22.827999
2021-06-02 01:54:36,322 epoch 11 lr 2.416910e-02
2021-06-02 01:54:36,323 genotype = Structure(4 nodes with |avg_pool_3x3~0|+|avg_pool_3x3~0|avg_pool_3x3~1|+|nor_conv_3x3~0|avg_pool_3x3~1|avg_pool_3x3~2|)
2021-06-02 01:54:36,324 arch-parameters :
tensor([[0.1972, 0.1977, 0.1979, 0.2020, 0.2051],
        [0.1973, 0.1988, 0.1992, 0.1974, 0.2072],
        [0.1953, 0.2004, 0.1964, 0.2021, 0.2057],
        [0.1970, 0.1932, 0.2002, 0.2054, 0.2042],
        [0.1953, 0.1971, 0.1988, 0.2033, 0.2054],
        [0.1965, 0.1961, 0.2011, 0.2024, 0.2039]])
2021-06-02 01:54:36,325 concentration :
tensor([[0.9858, 0.9883, 0.9894, 1.0098, 1.0252],
        [0.9815, 0.9890, 0.9909, 0.9819, 1.0299],
        [0.9732, 0.9988, 0.9787, 1.0073, 1.0249],
        [0.9926, 0.9737, 1.0086, 1.0344, 1.0283],
        [0.9741, 0.9831, 0.9916, 1.0138, 1.0243],
        [0.9841, 0.9822, 1.0072, 1.0135, 1.0208]])
2021-06-02 01:54:36,685 train 000 1.731438e+00 35.937500 92.187500
2021-06-02 01:54:54,165 train 050 1.863938e+00 29.901962 84.620102
2021-06-02 01:55:11,813 train 100 1.875510e+00 29.795792 84.065590
2021-06-02 01:55:29,940 train 150 1.866119e+00 30.080711 84.230133
2021-06-02 01:55:48,348 train 200 1.859482e+00 30.666977 84.126244
2021-06-02 01:56:06,166 train 250 1.856464e+00 30.808020 84.020172
2021-06-02 01:56:23,865 train 300 1.855530e+00 30.782806 84.037582
2021-06-02 01:56:41,673 train 350 1.855809e+00 30.733618 84.188034
2021-06-02 01:56:55,635 train_acc 30.844000
2021-06-02 01:56:55,714 valid 000 1.872054e+00 21.875000 85.937500
2021-06-02 01:56:59,391 valid 050 2.050398e+00 25.735294 79.381134
2021-06-02 01:57:03,067 valid 100 2.074240e+00 24.443069 78.202347
2021-06-02 01:57:06,743 valid 150 2.065948e+00 24.699917 78.642387
2021-06-02 01:57:10,413 valid 200 2.063431e+00 24.284824 78.428169
2021-06-02 01:57:14,083 valid 250 2.082131e+00 24.358816 78.716385
2021-06-02 01:57:17,755 valid 300 2.074849e+00 24.480896 78.836166
2021-06-02 01:57:21,431 valid 350 2.077669e+00 24.287748 78.583511
2021-06-02 01:57:24,362 valid_acc 24.128000
2021-06-02 01:57:24,363 epoch 12 lr 2.402483e-02
2021-06-02 01:57:24,364 genotype = Structure(4 nodes with |avg_pool_3x3~0|+|avg_pool_3x3~0|avg_pool_3x3~1|+|nor_conv_3x3~0|avg_pool_3x3~1|avg_pool_3x3~2|)
2021-06-02 01:57:24,365 arch-parameters :
tensor([[0.1933, 0.1985, 0.1941, 0.2047, 0.2095],
        [0.1934, 0.2004, 0.1963, 0.1951, 0.2147],
        [0.1886, 0.2026, 0.1923, 0.2057, 0.2108],
        [0.1920, 0.1885, 0.1992, 0.2101, 0.2101],
        [0.1889, 0.1959, 0.1958, 0.2078, 0.2116],
        [0.1893, 0.1954, 0.2013, 0.2059, 0.2081]])
2021-06-02 01:57:24,366 concentration :
tensor([[0.9681, 0.9941, 0.9721, 1.0250, 1.0480],
        [0.9557, 0.9900, 0.9696, 0.9641, 1.0591],
        [0.9378, 1.0074, 0.9565, 1.0227, 1.0475],
        [0.9727, 0.9547, 1.0090, 1.0623, 1.0623],
        [0.9391, 0.9738, 0.9734, 1.0328, 1.0507],
        [0.9490, 0.9795, 1.0089, 1.0318, 1.0425]])
2021-06-02 01:57:24,722 train 000 1.806707e+00 29.687500 84.375000
2021-06-02 01:57:42,190 train 050 1.858435e+00 29.319855 83.792892
2021-06-02 01:57:59,683 train 100 1.854699e+00 29.857674 84.282173
2021-06-02 01:58:17,231 train 150 1.853273e+00 29.904800 84.302567
2021-06-02 01:58:34,997 train 200 1.848721e+00 29.990671 84.647072
2021-06-02 01:58:52,588 train 250 1.846865e+00 30.123259 84.736061
2021-06-02 01:59:10,299 train 300 1.846246e+00 30.279276 84.639740
2021-06-02 01:59:28,243 train 350 1.844403e+00 30.373041 84.704414
2021-06-02 01:59:42,622 train_acc 30.459999
2021-06-02 01:59:42,719 valid 000 2.181911e+00 25.000000 75.000000
2021-06-02 01:59:46,417 valid 050 2.396224e+00 23.958334 78.431374
2021-06-02 01:59:50,131 valid 100 2.286141e+00 24.938118 79.455444
2021-06-02 01:59:53,832 valid 150 2.214080e+00 24.730961 79.428810
2021-06-02 01:59:57,496 valid 200 2.172917e+00 24.914490 79.889610
2021-06-02 02:00:01,159 valid 250 2.188525e+00 25.180529 79.936508
2021-06-02 02:00:04,834 valid 300 2.169966e+00 25.441236 79.921097
2021-06-02 02:00:08,509 valid 350 2.215570e+00 25.342770 79.732018
2021-06-02 02:00:11,445 valid_acc 25.188000
2021-06-02 02:00:11,446 epoch 13 lr 2.386969e-02
2021-06-02 02:00:11,447 genotype = Structure(4 nodes with |avg_pool_3x3~0|+|avg_pool_3x3~0|avg_pool_3x3~1|+|nor_conv_3x3~0|avg_pool_3x3~1|avg_pool_3x3~2|)
2021-06-02 02:00:11,448 arch-parameters :
tensor([[0.1878, 0.2009, 0.1902, 0.2083, 0.2128],
        [0.1887, 0.2031, 0.1927, 0.1948, 0.2208],
        [0.1813, 0.2050, 0.1913, 0.2085, 0.2139],
        [0.1868, 0.1848, 0.1976, 0.2159, 0.2150],
        [0.1810, 0.1955, 0.1925, 0.2149, 0.2161],
        [0.1800, 0.1965, 0.2036, 0.2091, 0.2108]])
2021-06-02 02:00:11,449 concentration :
tensor([[0.9450, 1.0107, 0.9570, 1.0467, 1.0680],
        [0.9314, 1.0026, 0.9511, 0.9617, 1.0860],
        [0.9028, 1.0204, 0.9525, 1.0371, 1.0630],
        [0.9498, 0.9399, 1.0051, 1.0933, 1.0892],
        [0.8996, 0.9718, 0.9567, 1.0661, 1.0716],
        [0.9035, 0.9864, 1.0220, 1.0486, 1.0566]])
2021-06-02 02:00:11,807 train 000 1.938333e+00 25.000000 81.250000
2021-06-02 02:00:29,740 train 050 1.849995e+00 30.422794 84.191177
2021-06-02 02:00:47,707 train 100 1.843617e+00 30.553837 84.560638
2021-06-02 02:01:05,613 train 150 1.852690e+00 30.608444 84.437088
2021-06-02 02:01:23,446 train 200 1.845934e+00 31.063433 84.654846
2021-06-02 02:01:41,171 train 250 1.837803e+00 31.256226 84.798309
2021-06-02 02:01:58,858 train 300 1.834726e+00 31.436876 84.888908
2021-06-02 02:02:16,626 train 350 1.832442e+00 31.294516 84.869125
2021-06-02 02:02:30,824 train_acc 31.351999
2021-06-02 02:02:30,903 valid 000 2.179655e+00 14.062500 84.375000
2021-06-02 02:02:34,551 valid 050 2.044625e+00 25.337011 79.473045
2021-06-02 02:02:38,202 valid 100 2.065281e+00 24.551361 80.089729
2021-06-02 02:02:41,891 valid 150 2.073621e+00 25.062086 79.863411
2021-06-02 02:02:45,578 valid 200 2.060420e+00 25.085510 80.231651
2021-06-02 02:02:49,234 valid 250 2.073913e+00 25.199203 79.911606
2021-06-02 02:02:52,887 valid 300 2.072807e+00 24.974045 80.009338
2021-06-02 02:02:56,561 valid 350 2.083481e+00 24.706196 79.896721
2021-06-02 02:02:59,491 valid_acc 24.656000
2021-06-02 02:02:59,491 epoch 14 lr 2.370384e-02
2021-06-02 02:02:59,492 genotype = Structure(4 nodes with |avg_pool_3x3~0|+|avg_pool_3x3~0|avg_pool_3x3~1|+|avg_pool_3x3~0|avg_pool_3x3~1|nor_conv_3x3~2|)
2021-06-02 02:02:59,494 arch-parameters :
tensor([[0.1827, 0.1984, 0.1881, 0.2119, 0.2188],
        [0.1827, 0.2026, 0.1908, 0.1937, 0.2302],
        [0.1764, 0.2058, 0.1881, 0.2076, 0.2222],
        [0.1819, 0.1769, 0.1979, 0.2199, 0.2234],
        [0.1738, 0.1912, 0.1921, 0.2199, 0.2230],
        [0.1721, 0.1921, 0.2057, 0.2151, 0.2150]])
2021-06-02 02:02:59,494 concentration :
tensor([[0.9245, 1.0041, 0.9518, 1.0699, 1.1018],
        [0.9026, 1.0009, 0.9426, 0.9569, 1.1287],
        [0.8769, 1.0229, 0.9354, 1.0317, 1.0995],
        [0.9336, 0.9079, 1.0155, 1.1207, 1.1369],
        [0.8665, 0.9531, 0.9573, 1.0917, 1.1056],
        [0.8726, 0.9736, 1.0418, 1.0863, 1.0861]])
2021-06-02 02:02:59,851 train 000 1.826257e+00 35.937500 78.125000
2021-06-02 02:03:17,805 train 050 1.832791e+00 31.556374 84.957108
2021-06-02 02:03:35,673 train 100 1.840877e+00 30.754950 84.251236
2021-06-02 02:03:53,469 train 150 1.837139e+00 30.877483 84.509521
2021-06-02 02:04:11,261 train 200 1.831671e+00 31.086754 84.748131
2021-06-02 02:04:29,056 train 250 1.832053e+00 31.144175 84.729836
2021-06-02 02:04:46,848 train 300 1.828096e+00 31.426495 85.018684
2021-06-02 02:05:04,685 train 350 1.824981e+00 31.477030 85.064995
2021-06-02 02:05:18,935 train_acc 31.500000
2021-06-02 02:05:19,019 valid 000 1.888691e+00 25.000000 82.812500
2021-06-02 02:05:22,680 valid 050 2.116528e+00 22.058825 77.481621
2021-06-02 02:05:26,337 valid 100 2.164138e+00 21.534653 77.691833
2021-06-02 02:05:29,994 valid 150 2.128323e+00 22.309603 78.269867
2021-06-02 02:05:33,653 valid 200 2.163084e+00 22.217039 78.156090
2021-06-02 02:05:37,308 valid 250 2.154806e+00 22.192480 78.280632
2021-06-02 02:05:40,960 valid 300 2.148854e+00 22.118979 78.254776
2021-06-02 02:05:44,619 valid 350 2.135605e+00 22.360220 78.463318
2021-06-02 02:05:47,543 valid_acc 22.444000
2021-06-02 02:05:47,544 epoch 15 lr 2.352744e-02
2021-06-02 02:05:47,545 genotype = Structure(4 nodes with |avg_pool_3x3~0|+|avg_pool_3x3~0|avg_pool_3x3~1|+|avg_pool_3x3~0|nor_conv_3x3~1|nor_conv_3x3~2|)
2021-06-02 02:05:47,546 arch-parameters :
tensor([[0.1756, 0.2008, 0.1850, 0.2160, 0.2226],
        [0.1749, 0.2050, 0.1871, 0.1972, 0.2358],
        [0.1694, 0.2097, 0.1848, 0.2118, 0.2242],
        [0.1740, 0.1747, 0.1942, 0.2247, 0.2325],
        [0.1648, 0.1922, 0.1876, 0.2284, 0.2270],
        [0.1636, 0.1931, 0.2062, 0.2203, 0.2169]])
2021-06-02 02:05:47,547 concentration :
tensor([[0.8961, 1.0243, 0.9438, 1.0970, 1.1272],
        [0.8674, 1.0165, 0.9281, 0.9781, 1.1563],
        [0.8483, 1.0487, 0.9249, 1.0587, 1.1156],
        [0.8937, 0.8974, 0.9977, 1.1437, 1.1775],
        [0.8256, 0.9629, 0.9396, 1.1343, 1.1281],
        [0.8365, 0.9872, 1.0529, 1.1189, 1.1037]])
2021-06-02 02:05:47,904 train 000 1.886193e+00 39.062500 81.250000
2021-06-02 02:06:05,677 train 050 1.828605e+00 31.004904 84.742653
2021-06-02 02:06:23,628 train 100 1.816029e+00 31.188118 85.148514
2021-06-02 02:06:41,650 train 150 1.822040e+00 31.425911 85.047600
2021-06-02 02:06:59,551 train 200 1.821834e+00 31.592039 85.035759
2021-06-02 02:07:17,453 train 250 1.816699e+00 32.040588 85.283867
2021-06-02 02:07:35,423 train 300 1.819852e+00 32.059799 85.075790
2021-06-02 02:07:53,272 train 350 1.816215e+00 31.980057 85.185188
2021-06-02 02:08:07,513 train_acc 31.859999
2021-06-02 02:08:07,591 valid 000 1.813519e+00 29.687500 84.375000
2021-06-02 02:08:11,256 valid 050 2.119781e+00 26.072306 80.453438
2021-06-02 02:08:14,932 valid 100 2.136531e+00 26.980198 80.956062
2021-06-02 02:08:18,599 valid 150 2.112040e+00 26.469370 80.649834
2021-06-02 02:08:22,261 valid 200 2.108151e+00 26.290422 80.379349
2021-06-02 02:08:25,920 valid 250 2.094272e+00 26.070719 80.459412
2021-06-02 02:08:29,582 valid 300 2.106877e+00 25.866901 80.471344
2021-06-02 02:08:33,240 valid 350 2.130837e+00 25.614317 80.270653
2021-06-02 02:08:36,167 valid_acc 25.892000
2021-06-02 02:08:36,168 epoch 16 lr 2.334065e-02
2021-06-02 02:08:36,169 genotype = Structure(4 nodes with |avg_pool_3x3~0|+|avg_pool_3x3~0|avg_pool_3x3~1|+|avg_pool_3x3~0|avg_pool_3x3~1|nor_conv_3x3~2|)
2021-06-02 02:08:36,170 arch-parameters :
tensor([[0.1669, 0.2030, 0.1810, 0.2188, 0.2303],
        [0.1663, 0.2092, 0.1803, 0.1985, 0.2457],
        [0.1622, 0.2153, 0.1768, 0.2142, 0.2315],
        [0.1635, 0.1719, 0.1908, 0.2324, 0.2414],
        [0.1561, 0.1935, 0.1808, 0.2341, 0.2356],
        [0.1550, 0.1926, 0.2048, 0.2249, 0.2227]])
2021-06-02 02:08:36,171 concentration :
tensor([[0.8557, 1.0403, 0.9281, 1.1151, 1.1663],
        [0.8256, 1.0378, 0.8952, 0.9852, 1.1988],
        [0.8172, 1.0816, 0.8908, 1.0765, 1.1542],
        [0.8423, 0.8858, 0.9830, 1.1799, 1.2178],
        [0.7871, 0.9756, 0.9114, 1.1658, 1.1721],
        [0.7996, 0.9934, 1.0550, 1.1486, 1.1385]])
2021-06-02 02:08:36,526 train 000 1.872471e+00 23.437500 82.812500
2021-06-02 02:08:54,297 train 050 1.796297e+00 32.720589 85.814957
2021-06-02 02:09:12,080 train 100 1.798221e+00 32.998142 86.123138
2021-06-02 02:09:29,890 train 150 1.797605e+00 32.626244 86.040977
2021-06-02 02:09:47,699 train 200 1.798764e+00 32.703667 86.007462
2021-06-02 02:10:05,470 train 250 1.797867e+00 32.756474 85.999756
2021-06-02 02:10:23,281 train 300 1.796611e+00 32.905937 85.885590
2021-06-02 02:10:41,035 train 350 1.794919e+00 32.950497 86.035431
2021-06-02 02:10:55,202 train_acc 32.835999
2021-06-02 02:10:55,282 valid 000 1.882027e+00 26.562500 87.500000
2021-06-02 02:10:58,935 valid 050 1.974820e+00 26.960785 81.280640
2021-06-02 02:11:02,600 valid 100 2.004312e+00 26.237623 80.182549
2021-06-02 02:11:06,265 valid 150 2.004714e+00 26.262417 80.163490
2021-06-02 02:11:09,927 valid 200 2.000372e+00 26.072762 80.698067
2021-06-02 02:11:13,596 valid 250 2.007792e+00 25.697212 80.577690
2021-06-02 02:11:17,259 valid 300 2.003243e+00 25.955149 80.746468
2021-06-02 02:11:20,922 valid 350 1.999753e+00 26.019409 80.795937
2021-06-02 02:11:23,850 valid_acc 25.851999
2021-06-02 02:11:23,851 epoch 17 lr 2.314368e-02
2021-06-02 02:11:23,852 genotype = Structure(4 nodes with |avg_pool_3x3~0|+|avg_pool_3x3~0|avg_pool_3x3~1|+|avg_pool_3x3~0|avg_pool_3x3~1|nor_conv_3x3~2|)
2021-06-02 02:11:23,853 arch-parameters :
tensor([[0.1628, 0.2016, 0.1798, 0.2240, 0.2318],
        [0.1640, 0.2083, 0.1763, 0.2025, 0.2489],
        [0.1589, 0.2168, 0.1728, 0.2172, 0.2343],
        [0.1597, 0.1684, 0.1892, 0.2355, 0.2472],
        [0.1526, 0.1919, 0.1776, 0.2389, 0.2390],
        [0.1522, 0.1912, 0.2031, 0.2287, 0.2248]])
2021-06-02 02:11:23,854 concentration :
tensor([[0.8427, 1.0427, 0.9309, 1.1480, 1.1825],
        [0.8213, 1.0419, 0.8828, 1.0140, 1.2201],
        [0.8080, 1.0976, 0.8787, 1.0997, 1.1751],
        [0.8297, 0.8746, 0.9824, 1.2015, 1.2498],
        [0.7755, 0.9752, 0.9024, 1.1942, 1.1947],
        [0.7931, 0.9963, 1.0566, 1.1757, 1.1585]])
2021-06-02 02:11:24,214 train 000 1.691545e+00 32.812500 90.625000
2021-06-02 02:11:41,952 train 050 1.781376e+00 32.414215 86.825981
2021-06-02 02:11:59,641 train 100 1.789724e+00 31.992575 86.618195
2021-06-02 02:12:17,411 train 150 1.790033e+00 31.891556 86.516968
2021-06-02 02:12:35,200 train 200 1.790076e+00 32.143967 86.287308
2021-06-02 02:12:52,968 train 250 1.788826e+00 32.302044 86.273659
2021-06-02 02:13:11,053 train 300 1.791252e+00 32.392025 86.217812
2021-06-02 02:13:28,879 train 350 1.785622e+00 32.554310 86.222397
2021-06-02 02:13:42,984 train_acc 32.535999
2021-06-02 02:13:43,063 valid 000 2.001301e+00 23.437500 73.437500
2021-06-02 02:13:46,719 valid 050 2.188844e+00 20.557598 74.203438
2021-06-02 02:13:50,378 valid 100 2.185223e+00 19.910273 74.628708
2021-06-02 02:13:54,037 valid 150 2.168707e+00 19.971027 75.051735
2021-06-02 02:13:57,695 valid 200 2.171054e+00 19.682835 74.992226
2021-06-02 02:14:01,356 valid 250 2.174052e+00 19.459661 74.943977
2021-06-02 02:14:05,018 valid 300 2.172358e+00 19.414452 75.046715
2021-06-02 02:14:08,678 valid 350 2.169306e+00 19.600248 75.066772
2021-06-02 02:14:11,602 valid_acc 19.647999
2021-06-02 02:14:11,603 epoch 18 lr 2.293670e-02
2021-06-02 02:14:11,604 genotype = Structure(4 nodes with |avg_pool_3x3~0|+|avg_pool_3x3~0|avg_pool_3x3~1|+|avg_pool_3x3~0|nor_conv_3x3~1|nor_conv_3x3~2|)
2021-06-02 02:14:11,605 arch-parameters :
tensor([[0.1577, 0.2037, 0.1771, 0.2269, 0.2347],
        [0.1599, 0.2106, 0.1709, 0.2052, 0.2534],
        [0.1549, 0.2178, 0.1709, 0.2207, 0.2357],
        [0.1551, 0.1657, 0.1873, 0.2379, 0.2541],
        [0.1459, 0.1919, 0.1752, 0.2458, 0.2412],
        [0.1466, 0.1917, 0.2018, 0.2314, 0.2285]])
2021-06-02 02:14:11,606 concentration :
tensor([[0.8252, 1.0638, 0.9268, 1.1716, 1.2056],
        [0.8068, 1.0605, 0.8625, 1.0348, 1.2457],
        [0.7952, 1.1117, 0.8772, 1.1249, 1.1905],
        [0.8091, 0.8648, 0.9771, 1.2161, 1.2820],
        [0.7479, 0.9835, 0.8978, 1.2312, 1.2121],
        [0.7710, 1.0084, 1.0597, 1.1966, 1.1838]])
2021-06-02 02:14:11,959 train 000 1.674979e+00 32.812500 90.625000
2021-06-02 02:14:29,497 train 050 1.772710e+00 33.180149 85.845589
2021-06-02 02:14:47,070 train 100 1.772711e+00 33.168316 86.494431
2021-06-02 02:15:04,684 train 150 1.778555e+00 32.771111 86.330711
2021-06-02 02:15:22,845 train 200 1.776434e+00 32.594837 86.419464
2021-06-02 02:15:40,855 train 250 1.770185e+00 32.986805 86.566238
2021-06-02 02:15:58,943 train 300 1.773368e+00 32.833263 86.446220
2021-06-02 02:16:16,757 train 350 1.775959e+00 32.905983 86.262466
2021-06-02 02:16:31,008 train_acc 32.992001
2021-06-02 02:16:31,087 valid 000 1.861413e+00 23.437500 90.625000
2021-06-02 02:16:34,756 valid 050 2.131997e+00 25.490196 80.698532
2021-06-02 02:16:38,425 valid 100 2.096292e+00 25.541460 80.445541
2021-06-02 02:16:42,096 valid 150 2.108660e+00 24.844786 80.411835
2021-06-02 02:16:45,765 valid 200 2.271469e+00 24.673508 79.741913
2021-06-02 02:16:49,431 valid 250 2.250628e+00 24.863049 79.332672
2021-06-02 02:16:53,098 valid 300 2.231685e+00 24.953279 79.645973
2021-06-02 02:16:56,770 valid 350 2.250622e+00 24.755163 79.549500
2021-06-02 02:16:59,698 valid_acc 24.712000
2021-06-02 02:16:59,699 epoch 19 lr 2.271993e-02
2021-06-02 02:16:59,700 genotype = Structure(4 nodes with |nor_conv_3x3~0|+|avg_pool_3x3~0|avg_pool_3x3~1|+|avg_pool_3x3~0|nor_conv_3x3~1|nor_conv_3x3~2|)
2021-06-02 02:16:59,701 arch-parameters :
tensor([[0.1555, 0.1984, 0.1788, 0.2366, 0.2307],
        [0.1589, 0.2070, 0.1715, 0.2101, 0.2525],
        [0.1525, 0.2139, 0.1714, 0.2293, 0.2330],
        [0.1519, 0.1590, 0.1902, 0.2466, 0.2523],
        [0.1429, 0.1870, 0.1755, 0.2551, 0.2396],
        [0.1431, 0.1867, 0.2057, 0.2394, 0.2250]])
