2022-04-13 12:43:00,415 gpu device = 0
2022-04-13 12:43:00,417 args = {'flags': {'readonly': None, 'struct': False}, '_resolver_cache': defaultdict(<class 'dict'>, {}), 'content': {'run': {'s3_bucket': None, 'seed': 2021, 'data': '/home/chatzimichailid/darts/AutoML_rebuttal/gaea_release/cnn/datka', 'dataset': 'cifar10', 'epochs': 50, 'scheduler_epochs': 50, 'n_threads_data': 0, 'autodl': '/home/chatzimichailid/darts/AutoML_rebuttal/gaea_release/cnn/code/AutoDL', 'report_freq': 50, 'test_code': False, 'gpu': 0}, 'search': {'single_level': False, 'exclude_zero': False, 'track_running_stats': True, 'method': 'eedarts', 'search_space': 'pcdarts', 'nodes': 4, 'arch_grad_clip': None, 'train_portion': 0.5, 'arch_learning_rate': 0.1, 'edge_learning_rate': 0.1, 'discrete': False, 'adapt_lr': False, 'arch_weight_decay': 0.0, 'gd': False, 'learn_edges': True, 'trace_norm': 8}, 'train': {'scheduler': 'cosine', 'lr_anneal_cycles': 1, 'smooth_cross_entropy': False, 'batch_size': 128, 'learning_rate': 0.1, 'learning_rate_min': 0.0, 'momentum': 0.9, 'weight_decay': 0.0003, 'init_channels': 16, 'layers': 8, 'cutout': False, 'auxiliary': False, 'auxiliary_weight': 0.4, 'drop_path_prob': 0, 'grad_clip': 5}}, 'parent': None}
2022-04-13 12:43:08,833 param size = 0.299578MB
2022-04-13 12:43:08,864 [Errno 2] No such file or directory: '/home/chatzimichailid/darts/AutoML_rebuttal/gaea_release/cnn/data/search-pcdarts-eedarts-cifar10-2021/model.ckpt'
2022-04-13 12:43:08,865 epoch 0 lr 1.000000e-01
2022-04-13 12:43:11,263 train 000 2.315388e+00 10.156250 47.656250
2022-04-13 12:44:39,032 train 050 1.910253e+00 26.439951 81.709559
2022-04-13 12:46:07,096 train 100 1.804846e+00 30.824567 85.117574
2022-04-13 12:47:36,173 train 150 1.741104e+00 33.655836 86.687707
2022-04-13 12:48:55,219 train_acc 36.016000
2022-04-13 12:48:55,221 alphas-normal
2022-04-13 12:48:55,222 tensor([[0.1149, 0.1372, 0.1091, 0.1094, 0.1298, 0.1359, 0.1183, 0.1455],
        [0.1107, 0.1357, 0.1111, 0.1112, 0.1293, 0.1466, 0.1192, 0.1363],
        [0.1221, 0.1278, 0.1191, 0.1193, 0.1249, 0.1318, 0.1275, 0.1275],
        [0.1187, 0.1354, 0.1227, 0.1210, 0.1253, 0.1336, 0.1229, 0.1204],
        [0.1196, 0.1331, 0.1276, 0.1217, 0.1226, 0.1330, 0.1211, 0.1213],
        [0.1224, 0.1289, 0.1238, 0.1222, 0.1240, 0.1277, 0.1235, 0.1276],
        [0.1224, 0.1304, 0.1242, 0.1226, 0.1286, 0.1235, 0.1222, 0.1261],
        [0.1220, 0.1323, 0.1279, 0.1232, 0.1224, 0.1225, 0.1210, 0.1287],
        [0.1216, 0.1320, 0.1270, 0.1227, 0.1242, 0.1249, 0.1224, 0.1253],
        [0.1236, 0.1307, 0.1243, 0.1234, 0.1233, 0.1244, 0.1245, 0.1258],
        [0.1225, 0.1320, 0.1247, 0.1238, 0.1230, 0.1264, 0.1248, 0.1228],
        [0.1228, 0.1310, 0.1253, 0.1233, 0.1238, 0.1250, 0.1241, 0.1246],
        [0.1227, 0.1318, 0.1255, 0.1231, 0.1230, 0.1259, 0.1219, 0.1260],
        [0.1220, 0.1327, 0.1264, 0.1228, 0.1264, 0.1217, 0.1237, 0.1244]],
       device='cuda:0', requires_grad=True)
2022-04-13 12:48:55,250 alphas-reduce
2022-04-13 12:48:55,252 tensor([[0.1230, 0.1225, 0.1197, 0.1255, 0.1271, 0.1347, 0.1233, 0.1242],
        [0.1231, 0.1274, 0.1241, 0.1241, 0.1217, 0.1293, 0.1227, 0.1277],
        [0.1244, 0.1258, 0.1251, 0.1244, 0.1237, 0.1257, 0.1245, 0.1265],
        [0.1248, 0.1257, 0.1245, 0.1245, 0.1250, 0.1255, 0.1238, 0.1262],
        [0.1237, 0.1272, 0.1242, 0.1240, 0.1250, 0.1261, 0.1236, 0.1262],
        [0.1243, 0.1257, 0.1252, 0.1253, 0.1245, 0.1241, 0.1251, 0.1258],
        [0.1250, 0.1258, 0.1250, 0.1249, 0.1246, 0.1255, 0.1244, 0.1249],
        [0.1241, 0.1263, 0.1244, 0.1251, 0.1250, 0.1251, 0.1247, 0.1254],
        [0.1243, 0.1278, 0.1259, 0.1254, 0.1237, 0.1252, 0.1243, 0.1234],
        [0.1248, 0.1255, 0.1251, 0.1242, 0.1252, 0.1251, 0.1247, 0.1254],
        [0.1249, 0.1256, 0.1250, 0.1243, 0.1248, 0.1253, 0.1249, 0.1251],
        [0.1248, 0.1264, 0.1255, 0.1251, 0.1237, 0.1245, 0.1251, 0.1249],
        [0.1244, 0.1261, 0.1253, 0.1246, 0.1250, 0.1252, 0.1240, 0.1253],
        [0.1246, 0.1262, 0.1254, 0.1248, 0.1246, 0.1253, 0.1243, 0.1247]],
       device='cuda:0', requires_grad=True)
2022-04-13 12:48:55,263 edges-normal
2022-04-13 12:48:55,264 tensor([0.4932, 0.5068, 0.3018, 0.3211, 0.3771, 0.2417, 0.2369, 0.2568, 0.2646,
        0.1918, 0.1925, 0.2040, 0.2035, 0.2082], device='cuda:0',
       requires_grad=True)
2022-04-13 12:48:55,267 edges-reduce
2022-04-13 12:48:55,268 tensor([0.5073, 0.4927, 0.3371, 0.3287, 0.3342, 0.2438, 0.2411, 0.2585, 0.2566,
        0.2010, 0.2034, 0.1971, 0.1995, 0.1990], device='cuda:0',
       requires_grad=True)
2022-04-13 12:48:55,273 genotype = Genotype(normal=[('sep_conv_5x5', 1), ('dil_conv_5x5', 0), ('max_pool_3x3', 2), ('max_pool_3x3', 1), ('max_pool_3x3', 3), ('max_pool_3x3', 2), ('max_pool_3x3', 4), ('max_pool_3x3', 3)], normal_concat=range(2, 6), reduce=[('sep_conv_5x5', 0), ('sep_conv_5x5', 1), ('dil_conv_5x5', 0), ('max_pool_3x3', 2), ('max_pool_3x3', 3), ('max_pool_3x3', 2), ('max_pool_3x3', 1), ('max_pool_3x3', 0)], reduce_concat=range(2, 6))
2022-04-13 12:48:55,512 valid 000 1.588350e+00 42.187500 87.500000
2022-04-13 12:49:06,264 valid 050 1.582895e+00 41.544118 90.196078
2022-04-13 12:49:17,011 valid 100 1.579583e+00 41.661510 90.408416
2022-04-13 12:49:27,766 valid 150 1.572026e+00 41.840853 90.733651
2022-04-13 12:49:37,415 valid_acc 42.060000
2022-04-13 12:49:38,024 epoch 1 lr 9.990134e-02
2022-04-13 12:49:39,824 train 000 1.348150e+00 49.218750 92.968750
2022-04-13 12:51:06,681 train 050 1.412087e+00 47.916667 92.830882
2022-04-13 12:52:33,733 train 100 1.378516e+00 49.311572 93.556621
2022-04-13 12:54:00,761 train 150 1.348907e+00 50.413907 93.750000
2022-04-13 12:55:18,702 train_acc 51.504000
2022-04-13 12:55:18,704 alphas-normal
2022-04-13 12:55:18,706 tensor([[0.0982, 0.1583, 0.0922, 0.0923, 0.1400, 0.1497, 0.1111, 0.1583],
        [0.0853, 0.1347, 0.0761, 0.0769, 0.1513, 0.1993, 0.1136, 0.1627],
        [0.1134, 0.1356, 0.1110, 0.1117, 0.1451, 0.1412, 0.1162, 0.1258],
        [0.1116, 0.1402, 0.1099, 0.1076, 0.1452, 0.1483, 0.1185, 0.1187],
        [0.1027, 0.1571, 0.1227, 0.1036, 0.1249, 0.1516, 0.1135, 0.1238],
        [0.1197, 0.1344, 0.1213, 0.1196, 0.1220, 0.1310, 0.1222, 0.1298],
        [0.1190, 0.1364, 0.1209, 0.1177, 0.1366, 0.1218, 0.1244, 0.1233],
        [0.1148, 0.1484, 0.1271, 0.1162, 0.1190, 0.1230, 0.1200, 0.1315],
        [0.1151, 0.1475, 0.1293, 0.1175, 0.1284, 0.1250, 0.1153, 0.1218],
        [0.1210, 0.1368, 0.1240, 0.1219, 0.1244, 0.1242, 0.1229, 0.1249],
        [0.1198, 0.1370, 0.1239, 0.1218, 0.1218, 0.1313, 0.1240, 0.1204],
        [0.1191, 0.1423, 0.1256, 0.1195, 0.1198, 0.1310, 0.1192, 0.1234],
        [0.1181, 0.1440, 0.1280, 0.1197, 0.1207, 0.1280, 0.1169, 0.1246],
        [0.1172, 0.1462, 0.1301, 0.1193, 0.1245, 0.1209, 0.1209, 0.1209]],
       device='cuda:0', requires_grad=True)
2022-04-13 12:55:18,719 alphas-reduce
2022-04-13 12:55:18,720 tensor([[0.1203, 0.1263, 0.1162, 0.1246, 0.1290, 0.1406, 0.1197, 0.1233],
        [0.1215, 0.1254, 0.1193, 0.1195, 0.1233, 0.1390, 0.1206, 0.1315],
        [0.1233, 0.1287, 0.1240, 0.1223, 0.1230, 0.1279, 0.1249, 0.1260],
        [0.1237, 0.1283, 0.1246, 0.1232, 0.1241, 0.1249, 0.1240, 0.1273],
        [0.1222, 0.1294, 0.1232, 0.1229, 0.1247, 0.1297, 0.1218, 0.1260],
        [0.1237, 0.1278, 0.1253, 0.1245, 0.1241, 0.1238, 0.1251, 0.1257],
        [0.1243, 0.1275, 0.1246, 0.1248, 0.1239, 0.1262, 0.1236, 0.1251],
        [0.1227, 0.1276, 0.1238, 0.1245, 0.1256, 0.1253, 0.1235, 0.1269],
        [0.1230, 0.1301, 0.1257, 0.1248, 0.1230, 0.1247, 0.1239, 0.1249],
        [0.1244, 0.1267, 0.1251, 0.1243, 0.1248, 0.1247, 0.1245, 0.1255],
        [0.1245, 0.1257, 0.1243, 0.1243, 0.1257, 0.1250, 0.1252, 0.1253],
        [0.1246, 0.1274, 0.1252, 0.1246, 0.1241, 0.1244, 0.1248, 0.1250],
        [0.1238, 0.1275, 0.1251, 0.1240, 0.1245, 0.1253, 0.1243, 0.1254],
        [0.1242, 0.1277, 0.1254, 0.1244, 0.1235, 0.1258, 0.1242, 0.1247]],
       device='cuda:0', requires_grad=True)
2022-04-13 12:55:18,730 edges-normal
2022-04-13 12:55:18,731 tensor([0.4880, 0.5120, 0.2654, 0.2936, 0.4411, 0.2016, 0.2053, 0.2987, 0.2944,
        0.1713, 0.1813, 0.2095, 0.2174, 0.2205], device='cuda:0',
       requires_grad=True)
2022-04-13 12:55:18,734 edges-reduce
2022-04-13 12:55:18,735 tensor([0.5181, 0.4819, 0.3326, 0.3301, 0.3373, 0.2301, 0.2412, 0.2667, 0.2620,
        0.1828, 0.2122, 0.2014, 0.2035, 0.2001], device='cuda:0',
       requires_grad=True)
2022-04-13 12:55:18,740 genotype = Genotype(normal=[('sep_conv_5x5', 1), ('dil_conv_5x5', 0), ('max_pool_3x3', 2), ('sep_conv_5x5', 1), ('max_pool_3x3', 2), ('max_pool_3x3', 3), ('max_pool_3x3', 4), ('max_pool_3x3', 3)], normal_concat=range(2, 6), reduce=[('sep_conv_5x5', 0), ('sep_conv_5x5', 1), ('sep_conv_5x5', 2), ('max_pool_3x3', 0), ('max_pool_3x3', 3), ('max_pool_3x3', 2), ('max_pool_3x3', 1), ('max_pool_3x3', 3)], reduce_concat=range(2, 6))
2022-04-13 12:55:19,013 valid 000 1.449981e+00 49.218750 94.531250
2022-04-13 12:55:29,803 valid 050 1.376395e+00 50.582108 94.132966
2022-04-13 12:55:40,592 valid 100 1.366189e+00 51.098391 94.020730
2022-04-13 12:55:51,388 valid 150 1.366922e+00 51.148593 94.019040
2022-04-13 12:56:01,043 valid_acc 50.912000
2022-04-13 12:56:01,877 epoch 2 lr 9.960574e-02
2022-04-13 12:56:03,613 train 000 1.151375e+00 53.125000 98.437500
2022-04-13 12:57:30,355 train 050 1.177134e+00 57.230392 95.726103
2022-04-13 12:58:57,088 train 100 1.163648e+00 57.812500 95.529084
2022-04-13 13:00:23,901 train 150 1.153408e+00 58.423013 95.685017
2022-04-13 13:01:41,845 train_acc 59.228000
2022-04-13 13:01:41,847 alphas-normal
2022-04-13 13:01:41,849 tensor([[0.0855, 0.1571, 0.0724, 0.0777, 0.1668, 0.1787, 0.0964, 0.1653],
        [0.0688, 0.1230, 0.0510, 0.0538, 0.1588, 0.2383, 0.1137, 0.1927],
        [0.1038, 0.1394, 0.1033, 0.1052, 0.1704, 0.1559, 0.1061, 0.1160],
        [0.1036, 0.1494, 0.1072, 0.1028, 0.1609, 0.1578, 0.1084, 0.1099],
        [0.0855, 0.1807, 0.1132, 0.0855, 0.1398, 0.1786, 0.0982, 0.1185],
        [0.1170, 0.1351, 0.1180, 0.1163, 0.1217, 0.1335, 0.1243, 0.1339],
        [0.1147, 0.1439, 0.1229, 0.1169, 0.1341, 0.1195, 0.1274, 0.1206],
        [0.1081, 0.1604, 0.1248, 0.1092, 0.1237, 0.1281, 0.1169, 0.1289],
        [0.1076, 0.1560, 0.1271, 0.1107, 0.1344, 0.1293, 0.1148, 0.1201],
        [0.1189, 0.1434, 0.1239, 0.1214, 0.1251, 0.1226, 0.1226, 0.1221],
        [0.1172, 0.1414, 0.1241, 0.1209, 0.1182, 0.1364, 0.1210, 0.1208],
        [0.1164, 0.1511, 0.1257, 0.1166, 0.1176, 0.1351, 0.1154, 0.1221],
        [0.1133, 0.1530, 0.1292, 0.1162, 0.1201, 0.1262, 0.1162, 0.1257],
        [0.1109, 0.1579, 0.1332, 0.1150, 0.1240, 0.1185, 0.1180, 0.1224]],
       device='cuda:0', requires_grad=True)
2022-04-13 13:01:41,859 alphas-reduce
2022-04-13 13:01:41,861 tensor([[0.1193, 0.1302, 0.1119, 0.1255, 0.1279, 0.1431, 0.1190, 0.1230],
        [0.1200, 0.1209, 0.1140, 0.1170, 0.1262, 0.1397, 0.1244, 0.1378],
        [0.1231, 0.1298, 0.1224, 0.1212, 0.1230, 0.1298, 0.1251, 0.1256],
        [0.1231, 0.1286, 0.1238, 0.1217, 0.1240, 0.1267, 0.1232, 0.1289],
        [0.1215, 0.1300, 0.1227, 0.1222, 0.1251, 0.1333, 0.1204, 0.1247],
        [0.1236, 0.1287, 0.1248, 0.1239, 0.1237, 0.1241, 0.1258, 0.1254],
        [0.1237, 0.1290, 0.1246, 0.1227, 0.1241, 0.1287, 0.1221, 0.1250],
        [0.1217, 0.1288, 0.1230, 0.1235, 0.1260, 0.1263, 0.1232, 0.1274],
        [0.1225, 0.1322, 0.1265, 0.1246, 0.1237, 0.1234, 0.1227, 0.1245],
        [0.1245, 0.1268, 0.1242, 0.1241, 0.1245, 0.1255, 0.1241, 0.1263],
        [0.1241, 0.1267, 0.1248, 0.1242, 0.1256, 0.1252, 0.1250, 0.1245],
        [0.1237, 0.1282, 0.1255, 0.1247, 0.1245, 0.1238, 0.1252, 0.1244],
        [0.1232, 0.1283, 0.1254, 0.1242, 0.1246, 0.1257, 0.1239, 0.1247],
        [0.1239, 0.1284, 0.1259, 0.1247, 0.1230, 0.1256, 0.1243, 0.1242]],
       device='cuda:0', requires_grad=True)
2022-04-13 13:01:41,872 edges-normal
2022-04-13 13:01:41,873 tensor([0.5068, 0.4932, 0.2448, 0.2364, 0.5188, 0.1821, 0.1893, 0.3027, 0.3258,
        0.1527, 0.1598, 0.2002, 0.2380, 0.2492], device='cuda:0',
       requires_grad=True)
2022-04-13 13:01:41,878 edges-reduce
2022-04-13 13:01:41,879 tensor([0.5137, 0.4863, 0.3163, 0.3324, 0.3513, 0.2213, 0.2415, 0.2739, 0.2632,
        0.1762, 0.2195, 0.2038, 0.2032, 0.1973], device='cuda:0',
       requires_grad=True)
2022-04-13 13:01:41,884 genotype = Genotype(normal=[('sep_conv_5x5', 1), ('sep_conv_5x5', 0), ('max_pool_3x3', 2), ('sep_conv_3x3', 0), ('max_pool_3x3', 3), ('max_pool_3x3', 2), ('max_pool_3x3', 4), ('max_pool_3x3', 3)], normal_concat=range(2, 6), reduce=[('sep_conv_5x5', 0), ('sep_conv_5x5', 1), ('sep_conv_5x5', 2), ('dil_conv_5x5', 1), ('max_pool_3x3', 2), ('max_pool_3x3', 3), ('max_pool_3x3', 1), ('max_pool_3x3', 2)], reduce_concat=range(2, 6))
2022-04-13 13:01:42,121 valid 000 9.822600e-01 62.500000 96.093750
2022-04-13 13:01:53,037 valid 050 1.079867e+00 61.550245 95.772059
2022-04-13 13:02:03,946 valid 100 1.079124e+00 61.355198 95.861696
2022-04-13 13:02:14,860 valid 150 1.080787e+00 61.294495 95.923013
2022-04-13 13:02:24,625 valid_acc 61.232000
2022-04-13 13:02:25,647 epoch 3 lr 9.911436e-02
2022-04-13 13:02:27,383 train 000 1.118860e+00 57.812500 93.750000
2022-04-13 13:03:54,198 train 050 1.038399e+00 62.928922 96.292892
2022-04-13 13:05:21,155 train 100 1.029746e+00 63.087871 96.480507
2022-04-13 13:06:47,989 train 150 1.015796e+00 63.498551 96.595613
2022-04-13 13:08:06,030 train_acc 63.452000
2022-04-13 13:08:06,032 alphas-normal
2022-04-13 13:08:06,033 tensor([[0.0815, 0.1803, 0.0535, 0.0650, 0.1682, 0.1900, 0.0904, 0.1712],
        [0.0640, 0.1602, 0.0461, 0.0527, 0.1561, 0.2240, 0.1171, 0.1800],
        [0.0967, 0.1457, 0.0935, 0.0986, 0.1787, 0.1710, 0.1056, 0.1102],
        [0.0984, 0.1611, 0.1070, 0.1022, 0.1621, 0.1659, 0.0962, 0.1070],
        [0.0797, 0.1835, 0.0864, 0.0694, 0.1532, 0.2101, 0.0808, 0.1370],
        [0.1142, 0.1415, 0.1172, 0.1140, 0.1206, 0.1324, 0.1268, 0.1334],
        [0.1124, 0.1483, 0.1207, 0.1142, 0.1343, 0.1192, 0.1270, 0.1238],
        [0.1034, 0.1680, 0.1142, 0.1018, 0.1292, 0.1400, 0.1140, 0.1294],
        [0.1027, 0.1679, 0.1212, 0.1048, 0.1341, 0.1332, 0.1111, 0.1251],
        [0.1166, 0.1474, 0.1212, 0.1186, 0.1266, 0.1228, 0.1241, 0.1228],
        [0.1167, 0.1441, 0.1227, 0.1189, 0.1190, 0.1392, 0.1200, 0.1195],
        [0.1156, 0.1568, 0.1213, 0.1145, 0.1154, 0.1359, 0.1148, 0.1258],
        [0.1117, 0.1607, 0.1258, 0.1139, 0.1138, 0.1261, 0.1179, 0.1301],
        [0.1069, 0.1688, 0.1318, 0.1117, 0.1237, 0.1202, 0.1175, 0.1194]],
       device='cuda:0', requires_grad=True)
2022-04-13 13:08:06,045 alphas-reduce
2022-04-13 13:08:06,046 tensor([[0.1174, 0.1356, 0.1111, 0.1229, 0.1263, 0.1437, 0.1194, 0.1237],
        [0.1189, 0.1203, 0.1120, 0.1163, 0.1246, 0.1479, 0.1217, 0.1383],
        [0.1229, 0.1329, 0.1229, 0.1198, 0.1242, 0.1296, 0.1240, 0.1236],
        [0.1224, 0.1312, 0.1242, 0.1208, 0.1206, 0.1275, 0.1229, 0.1305],
        [0.1204, 0.1303, 0.1205, 0.1213, 0.1251, 0.1365, 0.1212, 0.1245],
        [0.1233, 0.1294, 0.1247, 0.1236, 0.1243, 0.1241, 0.1241, 0.1264],
        [0.1235, 0.1307, 0.1252, 0.1220, 0.1245, 0.1290, 0.1226, 0.1225],
        [0.1207, 0.1299, 0.1218, 0.1229, 0.1262, 0.1269, 0.1235, 0.1281],
        [0.1219, 0.1333, 0.1253, 0.1244, 0.1244, 0.1240, 0.1220, 0.1247],
        [0.1246, 0.1276, 0.1243, 0.1232, 0.1247, 0.1250, 0.1242, 0.1265],
        [0.1239, 0.1266, 0.1242, 0.1245, 0.1261, 0.1261, 0.1247, 0.1238],
        [0.1232, 0.1287, 0.1248, 0.1245, 0.1249, 0.1228, 0.1254, 0.1257],
        [0.1230, 0.1288, 0.1248, 0.1240, 0.1246, 0.1256, 0.1243, 0.1250],
        [0.1237, 0.1291, 0.1253, 0.1246, 0.1229, 0.1264, 0.1238, 0.1242]],
       device='cuda:0', requires_grad=True)
2022-04-13 13:08:06,058 edges-normal
2022-04-13 13:08:06,060 tensor([0.4996, 0.5004, 0.2466, 0.2566, 0.4968, 0.1639, 0.1874, 0.3035, 0.3452,
        0.1506, 0.1582, 0.1842, 0.2388, 0.2682], device='cuda:0',
       requires_grad=True)
2022-04-13 13:08:06,064 edges-reduce
2022-04-13 13:08:06,065 tensor([0.5673, 0.4327, 0.3190, 0.3116, 0.3693, 0.2238, 0.2255, 0.2830, 0.2677,
        0.1804, 0.2186, 0.2046, 0.2018, 0.1946], device='cuda:0',
       requires_grad=True)
2022-04-13 13:08:06,070 genotype = Genotype(normal=[('sep_conv_5x5', 1), ('sep_conv_5x5', 0), ('sep_conv_5x5', 2), ('sep_conv_3x3', 0), ('max_pool_3x3', 3), ('max_pool_3x3', 2), ('max_pool_3x3', 4), ('max_pool_3x3', 3)], normal_concat=range(2, 6), reduce=[('sep_conv_5x5', 0), ('sep_conv_5x5', 1), ('sep_conv_5x5', 2), ('max_pool_3x3', 0), ('max_pool_3x3', 2), ('max_pool_3x3', 3), ('max_pool_3x3', 1), ('max_pool_3x3', 2)], reduce_concat=range(2, 6))
2022-04-13 13:08:06,309 valid 000 1.202571e+00 53.906250 97.656250
2022-04-13 13:08:17,247 valid 050 1.146557e+00 58.256740 96.400123
2022-04-13 13:08:28,149 valid 100 1.159744e+00 57.750619 96.147896
2022-04-13 13:08:38,968 valid 150 1.158237e+00 57.910803 95.943709
2022-04-13 13:08:48,647 valid_acc 57.960000
2022-04-13 13:08:49,872 epoch 4 lr 9.842916e-02
2022-04-13 13:08:51,604 train 000 1.047256e+00 62.500000 94.531250
2022-04-13 13:10:18,389 train 050 9.999778e-01 63.740809 96.936275
2022-04-13 13:11:45,282 train 100 9.808946e-01 64.719988 97.006498
2022-04-13 13:13:12,114 train 150 9.600415e-01 65.619826 97.040563
2022-04-13 13:14:29,971 train_acc 65.664000
2022-04-13 13:14:29,972 alphas-normal
2022-04-13 13:14:29,973 tensor([[0.0860, 0.1853, 0.0442, 0.0611, 0.1753, 0.1875, 0.0840, 0.1765],
        [0.0586, 0.1479, 0.0349, 0.0453, 0.1613, 0.1932, 0.1171, 0.2416],
        [0.0878, 0.1405, 0.0808, 0.0903, 0.2064, 0.1856, 0.0991, 0.1095],
        [0.0939, 0.1511, 0.1006, 0.0981, 0.1869, 0.1709, 0.0882, 0.1103],
        [0.0735, 0.1803, 0.0730, 0.0570, 0.1723, 0.2249, 0.0674, 0.1516],
        [0.1137, 0.1411, 0.1144, 0.1123, 0.1218, 0.1345, 0.1254, 0.1367],
        [0.1112, 0.1467, 0.1174, 0.1122, 0.1343, 0.1218, 0.1289, 0.1276],
        [0.0998, 0.1645, 0.1059, 0.0968, 0.1362, 0.1528, 0.1065, 0.1374],
        [0.0998, 0.1705, 0.1124, 0.1008, 0.1343, 0.1347, 0.1087, 0.1388],
        [0.1147, 0.1485, 0.1190, 0.1168, 0.1302, 0.1231, 0.1244, 0.1234],
        [0.1168, 0.1441, 0.1204, 0.1165, 0.1187, 0.1429, 0.1197, 0.1209],
        [0.1152, 0.1601, 0.1171, 0.1123, 0.1130, 0.1413, 0.1152, 0.1258],
        [0.1100, 0.1649, 0.1197, 0.1109, 0.1139, 0.1226, 0.1266, 0.1315],
        [0.1046, 0.1755, 0.1270, 0.1089, 0.1215, 0.1190, 0.1199, 0.1234]],
       device='cuda:0', requires_grad=True)
2022-04-13 13:14:29,985 alphas-reduce
2022-04-13 13:14:29,986 tensor([[0.1171, 0.1413, 0.1084, 0.1262, 0.1247, 0.1372, 0.1159, 0.1291],
        [0.1174, 0.1173, 0.1053, 0.1154, 0.1257, 0.1562, 0.1220, 0.1408],
        [0.1221, 0.1372, 0.1233, 0.1169, 0.1244, 0.1308, 0.1222, 0.1229],
        [0.1219, 0.1316, 0.1222, 0.1212, 0.1183, 0.1281, 0.1241, 0.1327],
        [0.1199, 0.1318, 0.1189, 0.1202, 0.1268, 0.1374, 0.1189, 0.1263],
        [0.1226, 0.1310, 0.1248, 0.1224, 0.1246, 0.1249, 0.1232, 0.1264],
        [0.1232, 0.1320, 0.1248, 0.1211, 0.1244, 0.1304, 0.1224, 0.1217],
        [0.1195, 0.1316, 0.1210, 0.1225, 0.1263, 0.1266, 0.1240, 0.1284],
        [0.1209, 0.1353, 0.1255, 0.1242, 0.1241, 0.1228, 0.1220, 0.1252],
        [0.1245, 0.1288, 0.1246, 0.1227, 0.1245, 0.1254, 0.1232, 0.1264],
        [0.1240, 0.1272, 0.1238, 0.1253, 0.1261, 0.1262, 0.1240, 0.1233],
        [0.1225, 0.1293, 0.1246, 0.1241, 0.1240, 0.1230, 0.1253, 0.1271],
        [0.1225, 0.1297, 0.1246, 0.1238, 0.1235, 0.1252, 0.1253, 0.1253],
        [0.1238, 0.1297, 0.1255, 0.1248, 0.1223, 0.1265, 0.1236, 0.1238]],
       device='cuda:0', requires_grad=True)
2022-04-13 13:14:29,998 edges-normal
2022-04-13 13:14:29,999 tensor([0.4500, 0.5500, 0.2711, 0.2534, 0.4755, 0.1553, 0.1807, 0.3010, 0.3629,
        0.1508, 0.1359, 0.1860, 0.2504, 0.2768], device='cuda:0',
       requires_grad=True)
2022-04-13 13:14:30,003 edges-reduce
2022-04-13 13:14:30,005 tensor([0.6288, 0.3712, 0.3480, 0.2952, 0.3568, 0.2467, 0.2166, 0.2795, 0.2573,
        0.1896, 0.2123, 0.2097, 0.1997, 0.1887], device='cuda:0',
       requires_grad=True)
2022-04-13 13:14:30,010 genotype = Genotype(normal=[('dil_conv_5x5', 1), ('sep_conv_5x5', 0), ('sep_conv_5x5', 2), ('sep_conv_3x3', 0), ('max_pool_3x3', 3), ('max_pool_3x3', 2), ('max_pool_3x3', 4), ('max_pool_3x3', 3)], normal_concat=range(2, 6), reduce=[('max_pool_3x3', 0), ('sep_conv_5x5', 1), ('sep_conv_5x5', 2), ('max_pool_3x3', 0), ('max_pool_3x3', 2), ('max_pool_3x3', 3), ('max_pool_3x3', 2), ('max_pool_3x3', 1)], reduce_concat=range(2, 6))
2022-04-13 13:14:30,243 valid 000 1.227965e+00 60.937500 95.312500
2022-04-13 13:14:41,013 valid 050 1.230373e+00 56.694240 95.067402
2022-04-13 13:14:51,856 valid 100 1.209182e+00 57.642327 95.312500
2022-04-13 13:15:02,756 valid 150 1.212622e+00 57.527939 95.369412
2022-04-13 13:15:12,401 valid_acc 57.820000
2022-04-13 13:15:13,705 epoch 5 lr 9.755283e-02
2022-04-13 13:15:15,439 train 000 8.255746e-01 69.531250 97.656250
2022-04-13 13:16:42,470 train 050 9.001405e-01 67.018995 97.564338
2022-04-13 13:18:09,221 train 100 8.892130e-01 67.930074 97.602104
2022-04-13 13:19:36,000 train 150 8.833773e-01 68.284354 97.552773
2022-04-13 13:20:53,994 train_acc 68.368000
2022-04-13 13:20:53,996 alphas-normal
2022-04-13 13:20:53,997 tensor([[0.0838, 0.1970, 0.0374, 0.0581, 0.1803, 0.1928, 0.0709, 0.1797],
        [0.0513, 0.1586, 0.0274, 0.0410, 0.1373, 0.2367, 0.1232, 0.2245],
        [0.0793, 0.1396, 0.0745, 0.0856, 0.2293, 0.2033, 0.0876, 0.1009],
        [0.0894, 0.1502, 0.0962, 0.0940, 0.1938, 0.1720, 0.0917, 0.1127],
        [0.0648, 0.1851, 0.0650, 0.0501, 0.1671, 0.2517, 0.0620, 0.1542],
        [0.1122, 0.1406, 0.1113, 0.1097, 0.1213, 0.1385, 0.1245, 0.1419],
        [0.1089, 0.1518, 0.1153, 0.1102, 0.1314, 0.1263, 0.1312, 0.1248],
        [0.0940, 0.1599, 0.0943, 0.0890, 0.1524, 0.1642, 0.1064, 0.1399],
        [0.0962, 0.1791, 0.1066, 0.0974, 0.1472, 0.1363, 0.1046, 0.1327],
        [0.1141, 0.1476, 0.1154, 0.1150, 0.1340, 0.1228, 0.1264, 0.1247],
        [0.1165, 0.1437, 0.1182, 0.1154, 0.1174, 0.1483, 0.1196, 0.1208],
        [0.1153, 0.1593, 0.1136, 0.1113, 0.1141, 0.1436, 0.1134, 0.1293],
        [0.1083, 0.1689, 0.1199, 0.1104, 0.1143, 0.1167, 0.1259, 0.1356],
        [0.1000, 0.1892, 0.1331, 0.1070, 0.1143, 0.1268, 0.1142, 0.1153]],
       device='cuda:0', requires_grad=True)
2022-04-13 13:20:54,011 alphas-reduce
2022-04-13 13:20:54,013 tensor([[0.1167, 0.1393, 0.1021, 0.1293, 0.1277, 0.1382, 0.1174, 0.1292],
        [0.1157, 0.1196, 0.1060, 0.1138, 0.1274, 0.1531, 0.1221, 0.1422],
        [0.1218, 0.1390, 0.1212, 0.1140, 0.1262, 0.1332, 0.1216, 0.1230],
        [0.1208, 0.1337, 0.1224, 0.1189, 0.1173, 0.1283, 0.1237, 0.1348],
        [0.1184, 0.1331, 0.1174, 0.1189, 0.1269, 0.1390, 0.1182, 0.1280],
        [0.1221, 0.1326, 0.1243, 0.1212, 0.1244, 0.1267, 0.1215, 0.1272],
        [0.1225, 0.1336, 0.1260, 0.1196, 0.1234, 0.1312, 0.1219, 0.1219],
        [0.1192, 0.1330, 0.1200, 0.1221, 0.1260, 0.1284, 0.1237, 0.1277],
        [0.1202, 0.1365, 0.1247, 0.1236, 0.1247, 0.1233, 0.1217, 0.1252],
        [0.1244, 0.1292, 0.1241, 0.1223, 0.1250, 0.1252, 0.1230, 0.1267],
        [0.1238, 0.1282, 0.1239, 0.1259, 0.1259, 0.1266, 0.1234, 0.1224],
        [0.1215, 0.1307, 0.1251, 0.1240, 0.1234, 0.1230, 0.1244, 0.1279],
        [0.1218, 0.1316, 0.1251, 0.1236, 0.1229, 0.1256, 0.1240, 0.1255],
        [0.1235, 0.1309, 0.1258, 0.1248, 0.1217, 0.1272, 0.1227, 0.1233]],
       device='cuda:0', requires_grad=True)
2022-04-13 13:20:54,024 edges-normal
2022-04-13 13:20:54,025 tensor([0.5010, 0.4990, 0.2742, 0.2103, 0.5154, 0.1431, 0.1512, 0.3206, 0.3850,
        0.1396, 0.1250, 0.1711, 0.2559, 0.3084], device='cuda:0',
       requires_grad=True)
2022-04-13 13:20:54,029 edges-reduce
2022-04-13 13:20:54,030 tensor([0.6000, 0.4000, 0.3378, 0.2959, 0.3662, 0.2475, 0.2201, 0.2779, 0.2546,
        0.1862, 0.2159, 0.2134, 0.2005, 0.1841], device='cuda:0',
       requires_grad=True)
2022-04-13 13:20:54,035 genotype = Genotype(normal=[('sep_conv_5x5', 1), ('max_pool_3x3', 0), ('sep_conv_5x5', 2), ('sep_conv_3x3', 0), ('max_pool_3x3', 3), ('sep_conv_5x5', 2), ('max_pool_3x3', 4), ('max_pool_3x3', 3)], normal_concat=range(2, 6), reduce=[('max_pool_3x3', 0), ('sep_conv_5x5', 1), ('sep_conv_5x5', 2), ('max_pool_3x3', 0), ('max_pool_3x3', 2), ('max_pool_3x3', 3), ('max_pool_3x3', 2), ('max_pool_3x3', 1)], reduce_concat=range(2, 6))
2022-04-13 13:20:54,270 valid 000 1.105603e+00 60.156250 96.875000
2022-04-13 13:21:05,045 valid 050 1.071169e+00 62.760417 95.863971
2022-04-13 13:21:15,823 valid 100 1.071159e+00 62.407178 95.846225
2022-04-13 13:21:26,595 valid 150 1.078471e+00 62.220613 95.933361
2022-04-13 13:21:36,242 valid_acc 62.372000
2022-04-13 13:21:37,718 epoch 6 lr 9.648882e-02
2022-04-13 13:21:39,452 train 000 8.857351e-01 72.656250 96.093750
2022-04-13 13:23:06,373 train 050 8.506768e-01 69.929534 97.732843
2022-04-13 13:24:33,211 train 100 8.454394e-01 69.879332 97.741337
2022-04-13 13:26:00,410 train 150 8.435878e-01 70.146937 97.676945
2022-04-13 13:27:18,737 train_acc 70.336000
2022-04-13 13:27:18,738 alphas-normal
2022-04-13 13:27:18,739 tensor([[0.0796, 0.2045, 0.0294, 0.0500, 0.1788, 0.2231, 0.0573, 0.1773],
        [0.0439, 0.1666, 0.0230, 0.0380, 0.1610, 0.2312, 0.1105, 0.2258],
        [0.0740, 0.1401, 0.0704, 0.0839, 0.2613, 0.2080, 0.0739, 0.0885],
        [0.0858, 0.1432, 0.0888, 0.0886, 0.2057, 0.1808, 0.0874, 0.1196],
        [0.0590, 0.1907, 0.0535, 0.0406, 0.1815, 0.2533, 0.0587, 0.1627],
        [0.1117, 0.1392, 0.1086, 0.1083, 0.1230, 0.1450, 0.1209, 0.1434],
        [0.1075, 0.1538, 0.1153, 0.1091, 0.1265, 0.1343, 0.1313, 0.1223],
        [0.0924, 0.1625, 0.0888, 0.0859, 0.1644, 0.1631, 0.1075, 0.1355],
        [0.0928, 0.1763, 0.0962, 0.0918, 0.1583, 0.1516, 0.0969, 0.1361],
        [0.1141, 0.1460, 0.1126, 0.1131, 0.1369, 0.1238, 0.1291, 0.1244],
        [0.1170, 0.1455, 0.1164, 0.1139, 0.1191, 0.1528, 0.1184, 0.1169],
        [0.1140, 0.1604, 0.1080, 0.1079, 0.1171, 0.1497, 0.1118, 0.1311],
        [0.1085, 0.1685, 0.1126, 0.1085, 0.1129, 0.1216, 0.1256, 0.1419],
        [0.0980, 0.1987, 0.1302, 0.1044, 0.1177, 0.1342, 0.1052, 0.1116]],
       device='cuda:0', requires_grad=True)
2022-04-13 13:27:18,752 alphas-reduce
2022-04-13 13:27:18,753 tensor([[0.1192, 0.1441, 0.0996, 0.1275, 0.1281, 0.1429, 0.1111, 0.1274],
        [0.1155, 0.1192, 0.1051, 0.1147, 0.1337, 0.1493, 0.1192, 0.1434],
        [0.1223, 0.1405, 0.1188, 0.1139, 0.1276, 0.1333, 0.1208, 0.1228],
        [0.1207, 0.1335, 0.1213, 0.1166, 0.1162, 0.1297, 0.1234, 0.1386],
        [0.1172, 0.1315, 0.1149, 0.1179, 0.1297, 0.1394, 0.1193, 0.1301],
        [0.1220, 0.1333, 0.1230, 0.1212, 0.1245, 0.1278, 0.1200, 0.1282],
        [0.1221, 0.1347, 0.1265, 0.1178, 0.1222, 0.1324, 0.1225, 0.1218],
        [0.1178, 0.1334, 0.1188, 0.1215, 0.1271, 0.1309, 0.1235, 0.1270],
        [0.1189, 0.1369, 0.1236, 0.1230, 0.1255, 0.1235, 0.1215, 0.1272],
        [0.1246, 0.1295, 0.1233, 0.1223, 0.1253, 0.1254, 0.1231, 0.1264],
        [0.1235, 0.1287, 0.1237, 0.1261, 0.1257, 0.1271, 0.1225, 0.1226],
        [0.1207, 0.1318, 0.1257, 0.1240, 0.1232, 0.1232, 0.1238, 0.1276],
        [0.1211, 0.1325, 0.1255, 0.1233, 0.1228, 0.1261, 0.1225, 0.1262],
        [0.1228, 0.1314, 0.1260, 0.1243, 0.1224, 0.1272, 0.1227, 0.1233]],
       device='cuda:0', requires_grad=True)
2022-04-13 13:27:18,763 edges-normal
2022-04-13 13:27:18,764 tensor([0.4823, 0.5177, 0.2719, 0.2300, 0.4981, 0.1454, 0.1611, 0.2980, 0.3955,
        0.1437, 0.1206, 0.1731, 0.2453, 0.3173], device='cuda:0',
       requires_grad=True)
2022-04-13 13:27:18,768 edges-reduce
2022-04-13 13:27:18,768 tensor([0.6211, 0.3789, 0.3479, 0.2847, 0.3673, 0.2514, 0.2136, 0.2825, 0.2525,
        0.1902, 0.2169, 0.2129, 0.1981, 0.1819], device='cuda:0',
       requires_grad=True)
2022-04-13 13:27:18,774 genotype = Genotype(normal=[('sep_conv_5x5', 1), ('sep_conv_5x5', 0), ('sep_conv_5x5', 2), ('sep_conv_3x3', 0), ('max_pool_3x3', 3), ('sep_conv_3x3', 2), ('max_pool_3x3', 4), ('max_pool_3x3', 3)], normal_concat=range(2, 6), reduce=[('max_pool_3x3', 0), ('sep_conv_5x5', 1), ('sep_conv_5x5', 2), ('max_pool_3x3', 0), ('max_pool_3x3', 2), ('max_pool_3x3', 3), ('max_pool_3x3', 2), ('max_pool_3x3', 1)], reduce_concat=range(2, 6))
2022-04-13 13:27:19,014 valid 000 1.082829e+00 62.500000 96.875000
2022-04-13 13:27:29,808 valid 050 1.072009e+00 63.020833 96.629902
2022-04-13 13:27:40,598 valid 100 1.083371e+00 62.608292 96.588800
2022-04-13 13:27:51,379 valid 150 1.084749e+00 62.634520 96.543874
2022-04-13 13:28:01,028 valid_acc 62.600000
2022-04-13 13:28:02,671 epoch 7 lr 9.524135e-02
2022-04-13 13:28:04,411 train 000 8.207852e-01 73.437500 98.437500
2022-04-13 13:29:31,656 train 050 8.124090e-01 71.001838 98.253676
2022-04-13 13:30:58,954 train 100 8.024982e-01 71.410891 98.228651
2022-04-13 13:32:26,047 train 150 8.022714e-01 71.383485 98.158113
2022-04-13 13:33:44,195 train_acc 71.260000
2022-04-13 13:33:44,197 alphas-normal
2022-04-13 13:33:44,199 tensor([[0.0719, 0.2002, 0.0240, 0.0426, 0.1883, 0.2371, 0.0510, 0.1849],
        [0.0427, 0.1750, 0.0215, 0.0368, 0.1408, 0.2490, 0.1043, 0.2299],
        [0.0697, 0.1329, 0.0640, 0.0773, 0.2784, 0.2218, 0.0716, 0.0845],
        [0.0812, 0.1448, 0.0897, 0.0865, 0.2095, 0.1853, 0.0862, 0.1167],
        [0.0555, 0.2156, 0.0511, 0.0380, 0.2035, 0.2446, 0.0492, 0.1425],
        [0.1103, 0.1412, 0.1083, 0.1075, 0.1235, 0.1466, 0.1203, 0.1423],
        [0.1082, 0.1557, 0.1161, 0.1080, 0.1227, 0.1381, 0.1321, 0.1191],
        [0.0909, 0.1603, 0.0823, 0.0823, 0.1829, 0.1694, 0.1076, 0.1243],
        [0.0916, 0.1724, 0.0868, 0.0874, 0.1739, 0.1603, 0.0953, 0.1322],
        [0.1130, 0.1470, 0.1121, 0.1119, 0.1372, 0.1243, 0.1301, 0.1242],
        [0.1181, 0.1430, 0.1144, 0.1125, 0.1210, 0.1554, 0.1177, 0.1178],
        [0.1123, 0.1594, 0.1046, 0.1057, 0.1184, 0.1567, 0.1116, 0.1312],
        [0.1075, 0.1666, 0.1070, 0.1062, 0.1135, 0.1273, 0.1192, 0.1527],
        [0.0958, 0.2048, 0.1272, 0.1015, 0.1207, 0.1407, 0.0973, 0.1119]],
       device='cuda:0', requires_grad=True)
2022-04-13 13:33:44,209 alphas-reduce
2022-04-13 13:33:44,210 tensor([[0.1172, 0.1446, 0.0933, 0.1194, 0.1326, 0.1591, 0.1087, 0.1251],
        [0.1153, 0.1186, 0.1022, 0.1144, 0.1332, 0.1516, 0.1188, 0.1458],
        [0.1219, 0.1428, 0.1171, 0.1125, 0.1277, 0.1390, 0.1179, 0.1211],
        [0.1210, 0.1344, 0.1202, 0.1161, 0.1154, 0.1291, 0.1236, 0.1404],
        [0.1148, 0.1320, 0.1130, 0.1161, 0.1302, 0.1396, 0.1201, 0.1342],
        [0.1217, 0.1345, 0.1225, 0.1212, 0.1249, 0.1293, 0.1171, 0.1287],
        [0.1213, 0.1364, 0.1272, 0.1163, 0.1214, 0.1328, 0.1219, 0.1226],
        [0.1168, 0.1342, 0.1164, 0.1208, 0.1285, 0.1328, 0.1238, 0.1268],
        [0.1181, 0.1367, 0.1219, 0.1229, 0.1275, 0.1248, 0.1199, 0.1281],
        [0.1249, 0.1300, 0.1231, 0.1214, 0.1249, 0.1253, 0.1228, 0.1276],
        [0.1238, 0.1298, 0.1240, 0.1256, 0.1254, 0.1280, 0.1216, 0.1218],
        [0.1192, 0.1341, 0.1254, 0.1234, 0.1227, 0.1234, 0.1228, 0.1288],
        [0.1202, 0.1338, 0.1258, 0.1231, 0.1224, 0.1266, 0.1214, 0.1268],
        [0.1221, 0.1323, 0.1263, 0.1242, 0.1222, 0.1279, 0.1222, 0.1228]],
       device='cuda:0', requires_grad=True)
2022-04-13 13:33:44,220 edges-normal
2022-04-13 13:33:44,222 tensor([0.5095, 0.4905, 0.2639, 0.2466, 0.4894, 0.1421, 0.1643, 0.2842, 0.4094,
        0.1335, 0.1204, 0.1679, 0.2489, 0.3292], device='cuda:0',
       requires_grad=True)
2022-04-13 13:33:44,226 edges-reduce
2022-04-13 13:33:44,227 tensor([0.6422, 0.3578, 0.3419, 0.2769, 0.3813, 0.2471, 0.2175, 0.2866, 0.2488,
        0.1877, 0.2136, 0.2221, 0.1983, 0.1782], device='cuda:0',
       requires_grad=True)
2022-04-13 13:33:44,231 genotype = Genotype(normal=[('sep_conv_5x5', 1), ('sep_conv_5x5', 0), ('sep_conv_5x5', 2), ('sep_conv_3x3', 0), ('sep_conv_3x3', 3), ('sep_conv_3x3', 2), ('max_pool_3x3', 4), ('max_pool_3x3', 3)], normal_concat=range(2, 6), reduce=[('sep_conv_5x5', 0), ('sep_conv_5x5', 1), ('sep_conv_5x5', 2), ('max_pool_3x3', 0), ('max_pool_3x3', 2), ('max_pool_3x3', 3), ('max_pool_3x3', 2), ('max_pool_3x3', 1)], reduce_concat=range(2, 6))
2022-04-13 13:33:44,468 valid 000 1.051266e+00 64.062500 96.875000
2022-04-13 13:33:55,375 valid 050 9.676636e-01 66.130515 96.645221
2022-04-13 13:34:06,204 valid 100 9.754934e-01 66.243812 96.356745
2022-04-13 13:34:17,154 valid 150 9.747067e-01 66.204470 96.393833
2022-04-13 13:34:26,934 valid_acc 65.880000
2022-04-13 13:34:28,754 epoch 8 lr 9.381533e-02
2022-04-13 13:34:30,506 train 000 8.140177e-01 74.218750 97.656250
2022-04-13 13:35:56,966 train 050 7.976276e-01 72.181373 98.054534
2022-04-13 13:37:24,690 train 100 7.717234e-01 73.027537 98.298267
2022-04-13 13:38:52,058 train 150 7.557521e-01 73.592715 98.302980
2022-04-13 13:40:10,347 train_acc 73.508000
2022-04-13 13:40:10,349 alphas-normal
2022-04-13 13:40:10,350 tensor([[0.0762, 0.2175, 0.0235, 0.0424, 0.1968, 0.2095, 0.0442, 0.1899],
        [0.0405, 0.1888, 0.0178, 0.0327, 0.1575, 0.2509, 0.0937, 0.2180],
        [0.0665, 0.1271, 0.0586, 0.0735, 0.3030, 0.2269, 0.0707, 0.0737],
        [0.0770, 0.1417, 0.0862, 0.0828, 0.2152, 0.1899, 0.0837, 0.1236],
        [0.0516, 0.1915, 0.0426, 0.0335, 0.2080, 0.2586, 0.0468, 0.1675],
        [0.1089, 0.1422, 0.1093, 0.1075, 0.1253, 0.1518, 0.1187, 0.1363],
        [0.1065, 0.1582, 0.1158, 0.1053, 0.1240, 0.1448, 0.1310, 0.1143],
        [0.0870, 0.1485, 0.0751, 0.0775, 0.2113, 0.1792, 0.1024, 0.1191],
        [0.0886, 0.1641, 0.0771, 0.0823, 0.1883, 0.1647, 0.0878, 0.1471],
        [0.1102, 0.1491, 0.1144, 0.1124, 0.1367, 0.1260, 0.1278, 0.1235],
        [0.1179, 0.1409, 0.1126, 0.1113, 0.1212, 0.1639, 0.1163, 0.1160],
        [0.1126, 0.1482, 0.0962, 0.1023, 0.1218, 0.1684, 0.1137, 0.1368],
        [0.1084, 0.1560, 0.0971, 0.1042, 0.1240, 0.1254, 0.1251, 0.1598],
        [0.0937, 0.1973, 0.1171, 0.0977, 0.1194, 0.1607, 0.1012, 0.1130]],
       device='cuda:0', requires_grad=True)
2022-04-13 13:40:10,360 alphas-reduce
2022-04-13 13:40:10,361 tensor([[0.1139, 0.1440, 0.0835, 0.1130, 0.1362, 0.1691, 0.1099, 0.1303],
        [0.1112, 0.1196, 0.1007, 0.1088, 0.1347, 0.1627, 0.1142, 0.1481],
        [0.1205, 0.1464, 0.1160, 0.1095, 0.1295, 0.1423, 0.1171, 0.1187],
        [0.1199, 0.1372, 0.1212, 0.1137, 0.1143, 0.1295, 0.1256, 0.1387],
        [0.1135, 0.1312, 0.1099, 0.1146, 0.1313, 0.1398, 0.1203, 0.1394],
        [0.1217, 0.1356, 0.1221, 0.1183, 0.1245, 0.1316, 0.1173, 0.1289],
        [0.1206, 0.1391, 0.1285, 0.1151, 0.1205, 0.1330, 0.1210, 0.1223],
        [0.1158, 0.1347, 0.1142, 0.1200, 0.1283, 0.1368, 0.1239, 0.1262],
        [0.1172, 0.1362, 0.1203, 0.1224, 0.1294, 0.1250, 0.1205, 0.1291],
        [0.1249, 0.1316, 0.1233, 0.1204, 0.1252, 0.1248, 0.1221, 0.1277],
        [0.1234, 0.1310, 0.1242, 0.1250, 0.1242, 0.1298, 0.1197, 0.1226],
        [0.1179, 0.1360, 0.1259, 0.1228, 0.1218, 0.1211, 0.1234, 0.1312],
        [0.1196, 0.1349, 0.1258, 0.1229, 0.1223, 0.1271, 0.1204, 0.1270],
        [0.1219, 0.1330, 0.1265, 0.1242, 0.1219, 0.1284, 0.1217, 0.1225]],
       device='cuda:0', requires_grad=True)
2022-04-13 13:40:10,370 edges-normal
2022-04-13 13:40:10,371 tensor([0.4738, 0.5262, 0.2615, 0.2501, 0.4884, 0.1400, 0.1505, 0.2792, 0.4303,
        0.1498, 0.1162, 0.1566, 0.2358, 0.3416], device='cuda:0',
       requires_grad=True)
2022-04-13 13:40:10,375 edges-reduce
2022-04-13 13:40:10,375 tensor([0.6314, 0.3686, 0.3413, 0.2854, 0.3733, 0.2459, 0.2257, 0.2830, 0.2454,
        0.1852, 0.2204, 0.2272, 0.1961, 0.1711], device='cuda:0',
       requires_grad=True)
2022-04-13 13:40:10,379 genotype = Genotype(normal=[('sep_conv_5x5', 1), ('max_pool_3x3', 0), ('sep_conv_5x5', 2), ('sep_conv_3x3', 0), ('sep_conv_3x3', 3), ('sep_conv_3x3', 2), ('max_pool_3x3', 4), ('dil_conv_5x5', 3)], normal_concat=range(2, 6), reduce=[('sep_conv_5x5', 0), ('sep_conv_5x5', 1), ('sep_conv_5x5', 2), ('max_pool_3x3', 0), ('sep_conv_5x5', 2), ('max_pool_3x3', 3), ('max_pool_3x3', 2), ('max_pool_3x3', 1)], reduce_concat=range(2, 6))
2022-04-13 13:40:10,617 valid 000 9.806526e-01 61.718750 96.093750
2022-04-13 13:40:21,428 valid 050 9.245173e-01 68.213848 97.334559
2022-04-13 13:40:32,292 valid 100 9.471961e-01 67.783106 97.277228
2022-04-13 13:40:43,241 valid 150 9.492037e-01 67.917012 97.299255
2022-04-13 13:40:53,026 valid_acc 68.068000
2022-04-13 13:40:54,953 epoch 9 lr 9.221640e-02
2022-04-13 13:40:56,702 train 000 6.649266e-01 78.906250 99.218750
2022-04-13 13:42:24,395 train 050 7.447280e-01 73.085172 98.376225
2022-04-13 13:43:50,795 train 100 7.171311e-01 74.241955 98.476176
2022-04-13 13:45:17,314 train 150 7.252907e-01 74.042839 98.416805
2022-04-13 13:46:34,538 train_acc 74.536000
2022-04-13 13:46:34,540 alphas-normal
2022-04-13 13:46:34,541 tensor([[0.0721, 0.2213, 0.0205, 0.0394, 0.1695, 0.2260, 0.0386, 0.2126],
        [0.0422, 0.2096, 0.0157, 0.0325, 0.1338, 0.2408, 0.0952, 0.2302],
        [0.0608, 0.1136, 0.0536, 0.0686, 0.3479, 0.2255, 0.0616, 0.0685],
        [0.0746, 0.1511, 0.0868, 0.0844, 0.2022, 0.1880, 0.0855, 0.1272],
        [0.0462, 0.1780, 0.0378, 0.0301, 0.2348, 0.2923, 0.0385, 0.1423],
        [0.1073, 0.1452, 0.1101, 0.1085, 0.1240, 0.1601, 0.1181, 0.1268],
        [0.1047, 0.1573, 0.1140, 0.1043, 0.1224, 0.1489, 0.1333, 0.1152],
        [0.0813, 0.1487, 0.0746, 0.0749, 0.2290, 0.1838, 0.0966, 0.1111],
        [0.0875, 0.1784, 0.0781, 0.0831, 0.1909, 0.1529, 0.0748, 0.1544],
        [0.1096, 0.1485, 0.1129, 0.1106, 0.1374, 0.1317, 0.1282, 0.1210],
        [0.1192, 0.1379, 0.1087, 0.1088, 0.1204, 0.1706, 0.1152, 0.1193],
        [0.1110, 0.1469, 0.0932, 0.1003, 0.1213, 0.1764, 0.1151, 0.1358],
        [0.1083, 0.1535, 0.0921, 0.1029, 0.1282, 0.1284, 0.1237, 0.1629],
        [0.0941, 0.1984, 0.1122, 0.0970, 0.1202, 0.1665, 0.0961, 0.1155]],
       device='cuda:0', requires_grad=True)
2022-04-13 13:46:34,555 alphas-reduce
2022-04-13 13:46:34,556 tensor([[0.1108, 0.1451, 0.0802, 0.1145, 0.1476, 0.1671, 0.1067, 0.1280],
        [0.1100, 0.1215, 0.1011, 0.1072, 0.1371, 0.1622, 0.1137, 0.1472],
        [0.1202, 0.1509, 0.1155, 0.1062, 0.1293, 0.1444, 0.1176, 0.1160],
        [0.1188, 0.1398, 0.1209, 0.1123, 0.1150, 0.1286, 0.1268, 0.1378],
        [0.1115, 0.1288, 0.1063, 0.1128, 0.1326, 0.1470, 0.1199, 0.1412],
        [0.1211, 0.1373, 0.1212, 0.1179, 0.1245, 0.1344, 0.1152, 0.1284],
        [0.1192, 0.1405, 0.1282, 0.1152, 0.1206, 0.1354, 0.1198, 0.1211],
        [0.1147, 0.1339, 0.1107, 0.1192, 0.1312, 0.1401, 0.1234, 0.1268],
        [0.1165, 0.1366, 0.1186, 0.1225, 0.1312, 0.1248, 0.1194, 0.1304],
        [0.1243, 0.1328, 0.1236, 0.1201, 0.1254, 0.1238, 0.1215, 0.1286],
        [0.1225, 0.1319, 0.1237, 0.1259, 0.1238, 0.1306, 0.1196, 0.1220],
        [0.1170, 0.1354, 0.1240, 0.1221, 0.1212, 0.1232, 0.1240, 0.1330],
        [0.1195, 0.1354, 0.1250, 0.1229, 0.1239, 0.1280, 0.1177, 0.1277],
        [0.1215, 0.1332, 0.1260, 0.1241, 0.1216, 0.1296, 0.1219, 0.1221]],
       device='cuda:0', requires_grad=True)
2022-04-13 13:46:34,567 edges-normal
2022-04-13 13:46:34,568 tensor([0.5231, 0.4769, 0.2651, 0.2290, 0.5059, 0.1512, 0.1445, 0.2888, 0.4155,
        0.1553, 0.0990, 0.1549, 0.2423, 0.3485], device='cuda:0',
       requires_grad=True)
2022-04-13 13:46:34,572 edges-reduce
2022-04-13 13:46:34,573 tensor([0.6116, 0.3884, 0.3183, 0.3028, 0.3789, 0.2386, 0.2421, 0.2802, 0.2391,
        0.1838, 0.2375, 0.2244, 0.1878, 0.1666], device='cuda:0',
       requires_grad=True)
2022-04-13 13:46:34,578 genotype = Genotype(normal=[('sep_conv_5x5', 0), ('sep_conv_5x5', 1), ('sep_conv_5x5', 2), ('sep_conv_3x3', 0), ('sep_conv_3x3', 3), ('sep_conv_3x3', 2), ('max_pool_3x3', 4), ('dil_conv_5x5', 3)], normal_concat=range(2, 6), reduce=[('sep_conv_5x5', 0), ('sep_conv_5x5', 1), ('sep_conv_5x5', 2), ('max_pool_3x3', 0), ('sep_conv_5x5', 2), ('max_pool_3x3', 1), ('max_pool_3x3', 1), ('max_pool_3x3', 2)], reduce_concat=range(2, 6))
2022-04-13 13:46:34,823 valid 000 7.621983e-01 72.656250 99.218750
